4024924
8306400
8306400
8547722
2902452
3267234
9029192
9555927
8306400
9153705
743273
8759943
600022
8306400
855062
3552505
8306400
8306400
4842876
8306400
8306400
6549084
5574259
7096959
3513870
619495
2788033
3848860
9946991
747055
8306400
8306400
8306400
4869765
302537
3203558
4129364
8306400
8306400
5365041
5930967
8306400
8702230
8306400
8306400
1528850
9906117
4377273
8306400
8306400
2698144
8306400
8306400
6753624
8306400
8306400
7292332
3619831
5832521
8306400
8306400
4739619
8306400
8306400
8306400
6395299
8306400
8306400
8306400
8729503
8306400
8306400
6869407
9928970
2022793
9450852
1037891
8194997
2727449
8306400
1341195
8306400
3407008
4720962
156070
8306400
926328
4774840
494359
8306400
9775092
4991892
8306400
4305714
7312527
6484194
8529855
2789710
677186
2536265
8306400
1179598
4664159
8306400
8837065
8021221
4262034
8306400
1419501
8306400
6515883
3567482
8306400
1420909
432073
6416709
8306400
8306400
8306400
7463885
8306400
8306400
2534601
9142047
8306400
8306400
724213
7219303
8439988
8306400
7554255
9805373
8289277
5585507
8306400
8306400
8306400
8306400
7027745
6875858
1093281
9877392
5912329
8306400
7821166
8306400
3885955
8306400
8214737
8306400
8386225
8306400
5545749
3475117
8306400
8306400
6022072
8306400
8306400
7869963
8306400
8306400
530990
5804324
7599848
8306400
8275606
8306400
7480032
8306400
3321735
5369434
8306400
8306400
1772136
8306400
8306400
8306400
8306400
9679095
9071174
8435447
8306400
8499071
1917473
8306400
166493
6120184
1887763
1885914
8306400
9821101
8306400
66084
6632460
5606577
5238000
607367
8306400
389361
3144077
9626182
2951066
3769541
7675499
8306400
8306400
8306400
8306400
5385771
8306400
8306400
1802355
1929255
8584384
8306400
8306400
9448718
8697285
5234954
5850027
4622419
2755616
8306400
8583403
7562583
4910007
1568420
3550672
8306400
3117823
9170318
7219458
8306400
8306400
2860979
8306400
8306400
8306400
3942699
8306400
2559957
8306400
8306400
7740730
1183923
9586173
8306400
1698850
5141921
3655846
5825443
2569761
570951
3605062
251877
2081394
7206413
5114172
8306400
8306400
4796374
3134050
7952498
6898050
8306400
3173973
8306400
4156609
379594
8828946
450661
8306400
8306400
9153352
1511046
863636
4577096
1064801
8306400
8306400
8306400
8306400
5129550
8306400
8923157
8306400
2987100
7516775
8306400
9559342
8306400
624602
8306400
8306400
9374944
4752647
5014734
3975996
1398286
8306400
9678895
8306400
2407990
9426328
8353196
8306400
8306400
8306400
8306400
2257659
8306400
8306400
8306400
8631680
5914068
8306400
2252510
9224008
8306400
8285219
6828150
5474303
1926149
5564485
3690999
990072
8306400
8306400
8306400
1529325
5803731
8306400
5140194
8306400
561489
8306400
8306400
8014537
7676382
7784699
6121716
1576222
4603091
8306400
6127563
8306400
8306400
6358577
5596261
4968734
8306400
7064982
8306400
1849828
8306400
5695333
8306400
5215737
757614
7083455
8306400
8306400
85560
8306400
8306400
8306400
8306400
8306400
8306400
8306400
8169288
8306400
4762485
8306400
8306400
9982797
8306400
3731439
8306400
8306400
439757
7705823
8306400
118166
8306400
6737454
8306400
5563485
8916096
8306400
4770557
382871
6946208
9553255
8306400
8306400
5678784
8306400
5422409
1658916
183721
4465284
1799372
9314059
7082999
8306400
8306400
2342682
1818133
8306400
9942256
8306400
3613314
8306400
5591258
8306400
6226944
8306400
7636661
2542458
8306400
2649568
3110921
7633885
6755979
356802
8306400
4796092
6686873
8306400
1465797
1951743
8306400
8306400
4399632
8306400
8272419
6085518
8306400
8645818
8306400
6058485
8306400
7740330
734153
7456140
3606034
8306400
8306400
9754091
1865532
3197123
8306400
2693244
4555667
8306400
8306400
8306400
2697869
8306400
8306400
5816298
6070380
6266789
2763646
8306400
5488739
3314578
2796732
8306400
2974178
5130133
8649095
4255965
8306400
9634021
7861837
8306400
3291236
8306400
8306400
8306400
8306400
7516759
365631
5965372
2792770
1443821
166530
8306400
8874851
5021065
8306400
7117582
4182562
2223139
8306400
8306400
2553365
2874064
8622887
8306400
5452008
2672173
1777193
8306400
4712650
5158941
9316564
8306400
4224595
496869
6122857
2562783
8787265
5014816
8306400
8306400
1111066
8306400
8306400
1647570
3448158
5856595
2891715
8306400
2536881
5127246
7692437
7046813
8306400
1000947
691334
8306400
3609212
7230488
8306400
5157370
9342535
8306400
7675382
8306400
8306400
8306400
8306400
9855155
2484252
8306400
6274123
1935622
2490579
8060511
8306400
3588553
8306400
479902
8306400
8306400
1087823
8306400
8306400
8306400
9494062
2960599
2082570
8306400
8306400
2138166
4968952
8306400
1960321
8306400
8306400
8306400
8306400
3022308
8306400
4264235
8306400
6415331
8306400
8306400
8306400
8306400
361633
8306400
8306400
4417314
8306400
2418661
8306400
8306400
3890647
8328219
2456717
4808565
5094242
8306400
5185377
8306400
8306400
8510704
5217430
7253357
8306400
7563198
1879501
8306400
1804753
8306400
4556427
8306400
8986123
9854470
8306400
8306400
8306400
7440674
8306400
1753885
3902949
1065876
8306400
8306400
8309408
8306400
2063389
4266706
2666342
8306400
1327359
2786823
8306400
7443619
3682096
6521445
2753272
8306400
1200049
7013829
7429733
2237131
3106730
264295
8306400
99651
9613123
1456016
268508
3890796
8306400
3332741
363172
5315250
6901148
8306400
4950894
4915596
8789454
1932251
8508576
595908
6859704
6494090
7915893
8306400
5036480
5955624
3468740
8306400
8306400
5705678
3214202
1738764
9644287
6362084
8306400
335851
8306400
8306400
8306400
2689809
8306400
1355986
4237411
8306400
4081868
4674634
5596540
2286981
8306400
897433
8306400
8306400
9497009
8306400
8306400
8306400
8306400
8306400
3660563
8137635
8306400
8306400
9721535
8306400
5611781
9862214
8648493
9835130
3512933
4357332
3300729
4755964
8306400
8306400
7236309
2244035
8306400
2962725
8306400
1328444
8306400
6179995
8306400
7899308
5998253
8306400
2249766
2324184
9596551
3065546
8306400
8306400
8342182
8306400
8306400
1686827
8306400
8306400
8306400
6181171
678397
7212646
1311383
8803238
8306400
1013136
8306400
8306400
8306400
1951554
6835297
6441377
147071
8306400
4188396
7883589
9204049
2238242
8306400
439134
8306400
8306400
3384779
8306400
3681247
4217821
2105173
8306400
8306400
8306400
6886728
6766121
1345470
8618485
8306400
2823319
3089238
8306400
3601694
8306400
2081507
8306400
7694576
6931606
2303139
9719249
4298488
8963683
8306400
5581439
8264468
1767365
8306400
8306400
8306400
6623618
8306400
8306400
2545194
8306400
8306400
8306400
8676566
4818518
1575120
8306400
8306400
9925317
3651102
9873715
3735201
1717894
2361880
8306400
8306400
7047545
8306400
2011653
122506
8306400
8306400
6470274
6519070
8306400
8306400
8306400
8074995
8306400
8306400
2771781
8306400
8306400
8306400
6846113
5102560
8856749
8306400
1121445
1477578
3925537
227032
9639908
8306400
3613189
1976498
8306400
2310981
8306400
2511522
5717337
8306400
4090589
5410743
498170
7963951
4139749
4222866
5154108
3730820
2072324
8306400
8306400
7192714
3992994
6428204
9151600
8306400
5771211
5079436
8306400
3447515
8306400
8306400
9414885
5221618
8306400
7262794
8306400
8306400
8306400
8306400
8306400
10653
8306400
4453065
8306400
8306400
2420060
127791
7911546
8306400
8306400
3609403
9621179
8306400
5406870
192079
9661057
120667
8306400
8306400
1697429
8306400
8306400
8306400
8306400
4853979
6287931
8306400
8306400
8306400
4438748
7563308
9947887
8409421
8306400
6409984
8737231
5220002
7504207
8306400
6913187
8306400
9507324
1599327
8306400
3739879
8448518
8306400
8829258
4288350
1968675
8306400
3643497
9816186
7547186
8306400
8571602
5001193
8306400
8306400
8306400
8306400
3074717
9860813
8306400
8306400
3927833
5106150
8306400
8792153
863742
8306400
857354
1397881
905768
200467
2438003
756269
2884120
8306400
1906094
8306400
2164560
4728709
9725507
8306400
379461
8306400
8306400
6194620
8306400
1784452
6196549
8306400
8306400
8306400
8306400
8306400
8367742
8306400
8306400
8306400
6156938
8465717
1553835
8306400
2650357
8306400
8306400
8306400
8306400
8306400
8717677
6821266
7496421
7163659
