2318309
3404610
1417098
3107635
5648694
1417098
1417098
1417098
8864405
1141405
1417098
1417098
8186119
3863353
1322173
1417098
3778889
2057550
3199631
1417098
1417098
1417098
1273656
7538693
6636219
8530238
1417098
1417098
3206627
1417098
4151802
3702161
1137509
1417098
8916726
920739
1417098
1417098
1417098
3505990
4595069
1417098
5123495
5431779
1417098
1856691
1417098
3080509
1417098
2826211
1417098
941931
1417098
9365706
4841313
207636
1417098
6448978
1417098
6296632
1221335
1417098
3869760
1417098
1417098
7740954
1417098
1781806
1417098
1417098
1417098
1417098
9756275
6875110
1417098
3614354
1417098
1417098
9409740
1417098
3160540
1417098
1417098
1417098
6280090
1589737
1417098
8790026
4318050
2645401
1417098
4319016
1417098
8997556
9812887
1417098
231024
2021882
8021618
1417098
7842307
6416478
4909353
1417098
1417098
8681549
1417098
1417098
41190
7768376
1417098
6939872
375360
1724094
9123517
2919680
3129355
9432143
1417098
1417098
3582976
9873412
1417098
1417098
4933521
2480468
1417098
2309332
1417098
5253821
1544960
8491819
6506598
1417098
1417098
1417098
9006298
1417098
1417098
3812109
4438818
2667180
1417098
1417098
1417098
1417098
8165294
1417098
5218448
25581
3427377
3867508
9587991
1417098
1417098
1417098
1417098
1417098
1417098
3051393
1417098
1417098
2234338
1411483
1417098
1417098
689231
3940990
1417098
1417098
2039991
1417098
1417098
64450
3604038
1417098
8398849
1417098
1417098
1417098
1417098
572490
1262849
5317512
7766688
7374396
726311
840745
9187756
2173347
7541044
1417098
1417098
1417098
1417098
1417098
7922295
1417098
1417098
1417098
9297675
3164300
1417098
1417098
1417098
4306056
1417098
5121165
3401211
1417098
2797999
1417098
1417098
3921298
1417098
8935200
1417098
1417098
1417098
2443638
1239951
1417098
7612392
3231400
6233795
7401049
3873824
191062
7274424
1417098
1417098
5145938
2561212
1417098
1417098
1417098
1417098
4188692
243651
3951929
1417098
1294020
9684271
6205028
1417098
1417098
1106361
2451304
7201702
1417098
1417098
6875720
3991699
7304747
1789860
1417098
1417098
4596859
2517046
7207235
9208260
1417098
1197398
1417098
7625362
1417098
1417098
4804814
2527707
4314494
5458681
3412323
3194651
1417098
7378402
8839582
1417098
1417098
1417098
9318390
1417098
5658051
7962815
9111650
1417098
1313429
5860537
4508936
1417098
812813
1812676
1417098
6856989
8061741
1417098
1417098
1417098
8019792
9638562
762414
1417098
7753950
314151
9317970
1219748
8581727
8625495
9908863
1417098
1417098
1417098
1417098
8280580
1417098
1417098
1417098
1417098
2088278
2454202
3551472
1091710
1417098
1417098
1417098
1417098
1417098
6371061
8053857
7534902
1417098
9721420
1417098
1417098
5496587
1892150
1417098
1417098
5578265
1417098
1417098
1417098
9730336
1417098
8360452
2633837
1417098
8720608
3871127
1417098
1085115
1417098
1335079
9469257
6284739
1417098
2885049
1417098
3475088
4025575
2207744
1417098
8222853
1417098
1417098
2960805
4655050
1417098
1417098
1342982
1417098
7530263
8807877
9375832
1417098
9667052
1417098
1417098
1417098
3628542
1417098
3607238
5480118
1417098
1417098
1417098
265801
811813
5252
1417098
55846
1417098
8973488
189226
2658790
6886861
1826267
1417098
1417098
1417098
1417098
1417098
1224856
1417098
3319495
1417098
5100920
5674719
4951221
1417098
4608260
6210202
1417098
4666594
7915385
1417098
4813211
3732059
1417098
3972202
8669992
4417113
8560867
3175478
3203028
1417098
1417098
7889908
4817930
2493905
1417098
1417098
8722263
1417098
1417098
1417098
2290432
3614423
8905793
4417074
5986792
3200584
1417098
3693853
1417098
1417098
1417098
5942216
2170895
5258903
7251991
7362350
1417098
1417098
1417098
1679042
6500165
1417098
5004591
9103849
6387494
7279125
6468075
5559516
4254580
7735038
4118413
2419927
1417098
2778055
1417098
4320055
1417098
5908
7327916
1417098
3860919
3355074
1417098
7221623
1417098
1417098
1417098
7799315
3919746
7781600
5983446
1417098
1417098
4268538
1417098
7316531
22892
9550253
1417098
3829035
6313320
1417098
1417098
3430364
2047744
1417098
1417098
1824784
6470752
1417098
9258253
1348672
9047290
9021780
5612013
1448088
1417098
1705464
1565354
7750066
1417098
3180077
1417098
9815196
9172500
8233153
2347890
1603875
1417098
8032538
1417098
1668202
2497869
1841926
1417098
6586022
1417098
1031965
3362414
1785430
71845
1417098
7863930
4536385
1417098
8068378
8863899
5374266
319026
3372787
925138
1417098
5666369
4560741
1417098
6258515
1417098
3623244
6329533
8174493
9310667
7220549
9054214
3366719
6719160
1417098
1417098
3869768
9433887
1394399
2660925
7340317
8433750
6753335
1946331
9406580
5421881
4912318
1417098
9267365
9200380
4903362
7802708
5951760
5215036
8118793
1417098
1417098
1417098
1417098
1041552
1417098
1417098
1417098
1417098
1395313
1417098
6893363
284004
7116186
9006140
1417098
1617934
5056928
1417098
578453
1187527
1417098
457627
500021
9577735
3210298
6999207
999367
3389417
1417098
6049818
4325224
9811174
7194521
1522176
9150144
1417098
3827630
1417098
8509423
3156106
1588877
8443207
1637437
287944
4221381
919561
1417098
1417098
1417098
1417098
1417098
1417098
1417098
1417098
1417098
1417098
661242
8985561
7928061
6177924
273227
1417098
440153
1417098
9778797
8588963
9546522
3757372
1417098
6064276
5850647
9237401
3034167
7536012
4399954
1417098
7351064
4030575
3515004
1417098
9643453
3050231
6892408
9448238
1417098
1855193
7565990
9962755
6288141
1417098
1417098
8287438
1417098
7820446
1417098
9906970
2104983
7390824
1417098
2900175
4251253
1417098
1417098
6305128
1417098
1417098
2522126
9118137
1417098
1417098
1417098
3631330
4770351
1537523
9786150
3688917
5511517
1417098
8684438
5249335
1417098
1417098
1417098
8601382
7987067
7137174
8537327
7727376
1417098
1666464
5383251
5317412
862233
7251046
9359063
1417098
218471
1931329
1417098
1417098
2114503
1417098
2711864
9582936
6816260
8514653
1417098
996202
1417098
8709227
1417098
1417098
365860
1417098
1417098
69734
5182540
9994953
1417098
1417098
1417098
1417098
8675485
1417098
1417098
1417098
930693
1417098
7859327
1417098
2061001
7925635
1417098
7531916
2133270
1417098
5906494
2840367
1417098
1417098
985959
3339504
1417098
1417098
1417098
4942324
5659576
1417098
4500534
4324834
1417098
1417098
1417098
5137369
2673803
9246204
1417098
1417098
1160820
905967
1417098
1577051
1417098
5708084
2876497
9374249
1417098
6573153
1417098
1417098
1417098
5169180
1417098
4216843
1417098
2736193
1676725
1417098
3820390
7959331
384162
5465831
5740249
1417098
1417098
4174070
9260689
1417098
333740
1417098
1417098
1799471
6629727
1417098
9872111
4799463
896314
3198226
446600
3390338
3498551
4142694
956420
1417098
920404
5703742
1417098
6468231
3186975
1417098
1417098
8116334
8066045
6063983
8816078
1417098
7628929
1417098
6083039
1417098
1417098
1417098
6175979
6257159
7502848
784953
1417098
3150604
9775447
1171943
7391932
1417098
242772
4249788
7203481
1417098
1417098
3707612
1417098
1417098
9951641
9688381
1417098
1417098
1417098
1710119
9171946
1417098
1408312
5881278
8957440
1417098
1417098
1417098
5091525
6750075
1417098
4828697
6159897
1417098
1417098
1417098
1040383
1417098
1874264
1417098
5654711
2283328
6013865
1417098
1185607
1417098
1417098
1417098
1417098
7761157
8312816
599267
1417098
7811127
1417098
8959917
2980238
8375212
4633659
4956960
1417098
7468217
1417098
4736790
5424635
1417098
1417098
1417098
1417098
854497
4141048
6049284
1417098
1417098
7749776
4296315
2876501
1417098
6164467
1417098
4434444
7788757
9303602
3856427
1417098
5553647
1007854
1942537
1780330
1417098
1417098
3347064
4087933
1417098
1417098
4838356
4849510
3875755
1417098
5226147
1773237
1417098
9435758
7956131
1417098
4063096
1417098
1417098
1417098
1448222
1417098
9287768
1122318
8119115
1417098
1417098
2258345
1417098
5375557
1417098
7640966
7522108
8737928
9287090
9265094
9828148
1417098
4460643
9172664
1417098
9106414
4026044
1417098
9090106
4653955
4187922
5375286
2218370
6525501
900420
1417098
9926145
5927206
3475479
7642234
7057004
1417098
1417098
1417098
1417098
1417098
1417098
9441688
9547576
1417098
1417098
5188105
4664134
714006
1470640
1417098
8582803
3866895
1417098
1417098
3350657
7447598
1417098
1417098
2639527
7861732
4918179
1417098
7251870
1417098
5382112
1417098
7794160
4886994
3713272
8172891
2627894
1386840
1417098
2431606
1417098
1417098
9814563
5885982
1417098
3926096
5046033
8149999
183247
1417098
2191528
7353012
1417098
1312423
1417098
4684917
6403460
6426051
5755709
1417098
1994676
5558515
1911099
1417098
1417098
1417098
8259260
7768810
3434446
1480831
1417098
1417098
8091123
931928
9389680
4904673
2975888
7511413
1417098
1417098
7001196
8047839
8465967
6841508
2194253
8628033
6639636
7895963
1417098
7705167
1417098
6807464
7523484
8452506
1417098
1417098
2851085
9452337
4234038
1417098
1417098
1417098
5410140
5494531
3599831
5673683
390240
9814194
6824232
3875695
8412128
1417098
1417098
4006077
1417098
6355
1417098
1417098
1073075
1417098
2790541
1417098
62440
1417098
8394153
4092583
5720013
3108437
6017520
9858633
9661186
1417098
2699865
1417098
6137985
1417098
8843241
4423295
2381502
9765699
7605165
3070380
1417098
1417098
1417098
2476731
1417098
1417098
1417098
1417098
1417098
1417098
1417098
1417098
1417098
4998652
1417098
1417098
6803695
1417098
1417098
7727009
7827532
1417098
899219
1417098
1417098
3977453
1417098
736918
1417098
414394
1417098
1417098
1947022
1417098
1417098
4990026
1417098
1417098
3774057
2041897
1417098
1417098
1417098
5674236
1417098
5982348
1417098
5947236
3870915
5827985
9080883
1417098
7853134
6152940
1417098
6686742
1417098
6745696
1417098
1417098
2981863
1417098
4464721
1417098
912541
2803530
1417098
1076351
1417098
647343
1417098
1417098
1417098
3409824
8453346
3177443
1508828
1300327
4670463
1417098
2936589
1013296
92710
1417098
5298547
1417098
7819512
593919
1417098
664618
5936365
1417098
3750962
1417098
2072812
9667252
3559216
3734266
1417098
4610948
1417098
3859197
1638264
7927543
5549458
4809531
9360911
7339807
8886946
2783068
1417098
24865
1417098
1417098
1417098
348652
4686822
1417098
2886029
8705669
1417098
1417098
8039899
1417098
1417098
2504638
1417098
903715
9638640
155662
1417098
1807221
2384028
3672441
1417098
8858497
1417098
6312736
6396582
9162069
1417098
5003831
7498461
2982943
1417098
1417098
1417098
1417098
1417098
5240200
803897
3509519
1417098
1417098
972873
410460
1417098
778849
1417098
1417098
1417098
1417098
5974549
1417098
2889493
1417098
9727041
4904132
2883759
1417098
2196131
9441972
1417098
1417098
7677596
862963
8284764
8611211
6367069
1373039
1417098
1417098
3916400
1417098
8073531
1417098
1417098
8310090
5964065
1417098
1417098
1417098
4044532
1417098
8985072
1417098
8405808
6314814
2985868
3737171
3975969
8674426
1417098
8041465
1417098
1831906
5316635
4918954
6329302
5510156
8070698
1417098
1417098
5236816
9383558
1417098
1201695
3007670
6043589
1417098
1417098
1417098
1417098
1556533
1417098
1417098
9959619
7676773
1417098
4824543
6370597
1417098
888210
7272205
9497316
8864652
1417098
8905441
2829409
1417098
8427854
1650068
449612
6745484
3013337
90429
9515110
898123
1417098
8961451
7842072
1417098
1417098
8650514
8362120
1417098
1417098
7103858
1417098
1417098
1417098
3094987
1417098
1139355
1881289
6421133
4852613
1417098
6868834
3119711
786465
1417098
1417098
2720254
3542998
1894065
4601749
1417098
1417098
1417098
505662
6871469
1417098
1417098
6343042
5308137
9498570
2439863
8227635
3691746
1417098
8950579
1417098
8929202
7190795
8753936
3933070
9169360
4514195
8983183
1809791
4009351
837790
1417098
1417098
4875293
1816572
1417098
7653445
7640490
9895649
1417098
1417098
5051260
3369251
967644
7076390
1417098
1417098
2139996
2167677
7556051
1900036
1417098
1417098
1417098
1417098
6938193
7018956
8092059
1417098
5670115
1417098
1417098
5386565
4068528
8298624
1417098
6846520
175140
4768595
3675210
1417098
9813188
4690150
1417098
168569
1417098
9957227
9901543
1417098
4931990
801836
9281484
1417098
6809893
1417098
8116087
1417098
1417098
1417098
2214119
8842711
706761
6875089
1417098
8110871
1417098
5834563
1417098
2048541
1417098
5005713
5076203
1417098
4490790
1417098
8900214
1136328
1417098
1417098
1417098
1030529
1417098
8274948
7690582
1417098
1417098
2065017
1417098
5602366
8533954
1417098
27603
5935787
1417098
1417098
9804167
7403028
6294391
4206602
3411661
1417098
1566815
1417098
1417098
7992023
9714266
8427931
1417098
1417098
1417098
1417098
288355
8140747
1417098
3244233
3821833
1417098
6566973
6354864
1417098
1417098
1417098
1417098
8755697
6414547
1417098
1417098
302554
8731198
7949732
303949
1417098
5236813
1417098
1417098
1417098
1417098
1417098
7560585
1417098
1417098
2672789
4502404
1417098
8352676
1417098
3833593
5194905
1417098
7450722
2879550
1417098
1417098
1417098
8667356
1417098
1417098
1417098
1417098
9095451
1397333
4017752
1503473
1417098
8469296
1417098
9942758
2531889
6611378
3724180
7057433
7733086
1417098
1417098
1417098
1417098
8210124
8458674
1417098
9125590
1417098
9167737
6464066
1417098
1417098
4102968
1417098
8978735
1417098
5838756
1417098
2824874
1417098
1417098
555465
6667752
1417098
3922637
1417098
1641456
3476100
2065805
7432283
4276036
1417098
3728708
6938629
1417098
7443650
8083103
1417098
1417098
8531536
732262
1417098
358937
6567246
7010449
1417098
1417098
1417098
3136614
8826220
1417098
1417098
1417098
6007723
1417098
4849206
2382584
1417098
1417098
1417098
1417098
5859715
5629732
5747912
6642948
1417098
8498690
7273413
3726250
5064777
1417098
4804672
5854901
3742956
1417098
2153236
5814008
9743338
3797759
3124664
1417098
1417098
580648
1417098
1417098
3796006
1082330
42351
4753640
5195464
1768898
1417098
1417098
654230
7148110
1753309
1448720
1417098
5282206
7040737
6702998
778330
1417098
2414920
9698229
6871403
352744
9129502
2957626
1417098
6020400
1417098
1417098
1484208
4384900
3961288
1417098
1417098
1259880
3285019
4884754
1417098
1417098
806762
1417098
5769883
3403567
9593080
1417098
8529229
4424825
7581951
1417098
7462043
1417098
7604809
9680945
1053488
1417098
6292566
8183228
5762100
1417098
3199131
1417098
1417098
6060741
1417098
1417098
8822564
1417098
8615928
1417098
4171883
6257496
3898070
1417098
1417098
7684811
1417098
1417098
1417098
7365943
1417098
1417098
5484911
1417098
1417098
1532399
294016
1417098
6685948
1417098
1417098
3336942
1417098
1417098
3860563
1417098
1417098
1417098
1417098
5859614
522925
7129966
1927205
3038050
1417098
1417098
1417098
7361060
7353408
1417098
9996633
8035950
7050140
8840210
7805140
1417098
1417098
1167515
779081
1417098
1384271
1060993
6563067
1417098
7809087
1417098
5047526
6175411
1962681
59982
7109583
1417098
1417098
4433068
518690
7286840
1417098
1417098
7583834
604274
8403772
3785119
155395
7225252
4588206
4185873
1439323
1417098
1417098
4241477
5826906
4023060
254127
9944789
1417098
9371961
1780326
1417098
1753149
8193919
5152189
9186323
1417098
6414734
1901770
1417098
5014917
1417098
1417098
1417098
1417098
3102208
1740117
6871147
4578656
9405966
2574856
1417098
1702670
1417098
7571443
3682646
3022495
324650
1417098
4426360
4987411
3157880
3981586
138030
3264733
9288751
2118028
807989
3098226
6290129
8096370
8600360
3750920
1417098
4674086
6899890
646276
1417098
5190098
1417098
1417098
2873163
4737492
1417098
1417098
4965575
3941009
1417098
5480656
1712503
9382194
8482088
3068504
1417098
5787662
1417098
5573608
4706479
7457856
1123699
9469274
8754213
1417098
1417098
1417098
3357283
7458109
2732495
54895
1417098
1417098
1417098
9249235
8572392
1417098
7874408
6636168
8101264
7253544
1417098
1417098
7798973
1417098
3695275
1947751
6747571
1417098
1417098
1360382
1417098
2587825
1417098
588041
1417098
1417098
1417098
8664761
2473336
8439130
1417098
949062
1838642
4586055
1417098
4790680
3976301
192042
3579268
1417098
6391498
8962075
1417098
1417098
1417098
4910917
3719438
9443301
5218925
6728480
1010517
1417098
8685248
1417098
1417098
8198306
1417098
2310821
7313084
1417098
1417098
7492261
3948562
5781944
1417098
2074043
1417098
4385120
1832903
1417098
3191681
4543402
3217849
9482043
1417098
1417098
1417098
1417098
1417098
1417098
1417098
1417098
1417098
1417098
9652698
1417098
9750594
1417098
1417098
1417098
1417098
2523447
5106041
8651771
1417098
8555783
1417098
2140711
1417098
1230334
2450491
1417098
5644010
1417098
6515297
1417098
7893205
5668108
1417098
9190405
5621334
1417098
1417098
3124097
1417098
1417098
3310948
1508327
1417098
7760756
5060489
2476235
4239446
388501
1417098
4001128
1417098
5341243
5130342
1417098
1417098
1417098
7609796
1417098
1258208
75112
6292637
1521963
9863986
1417098
2372242
1417098
1417098
7688185
8551109
1417098
1276139
1417098
1417098
2421127
1417098
1417098
6372429
1417098
1417098
3657768
1417098
1417098
1417098
4927384
5844353
1535014
1156957
1417098
8744739
3138480
5663439
1417098
1417098
8646105
5582935
8707450
9688746
1417098
8272174
6112871
3435369
5901988
1417098
1417098
336224
3074429
1024887
4596058
6813928
3405595
1829644
1417098
1417098
1417098
1417098
1417098
1417098
2700000
3790193
4424147
7156696
8325189
1417098
1417098
5146829
1058569
5917532
9570047
504526
5101514
1417098
1417098
8597015
378961
7826236
1417098
688802
6816660
1417098
1417098
1417098
1417098
1417098
5556094
1417098
5249296
3553783
1417098
1417098
4220224
1417098
1417098
6708938
454915
217495
126881
1417098
2499973
2716501
1417098
9252400
1654203
3075974
1417098
9172051
1417098
1417098
1417098
9896908
9859690
1417098
1417098
1417098
1417098
1652566
1417098
4621574
7308807
1417098
6860480
1417098
1417098
1417098
3744161
1417098
5409291
1417098
1417098
1417098
1417098
1417098
7877802
1417098
1417098
5333127
6929770
3364180
1417098
9979528
1417098
1331414
1417098
7163128
6610571
1417098
1417098
1417098
8366048
8155333
4764668
8630120
1417098
5800484
8785798
1745346
1602506
5465694
6596538
7875207
338667
1417098
8556396
1417098
6701081
1026836
835453
1417098
1847876
6935532
4200787
8743784
1417098
1417098
6050581
2885620
1417098
1134568
1417098
1417098
2786047
1417098
5778462
2588340
1423032
6774149
3461788
1417098
4084308
3910841
8292112
1417098
7905956
1896177
1417098
1417098
6185552
971801
1417098
1417098
3354351
3208832
1417098
129719
1196360
8563559
6268947
1417098
1417098
1417098
1417098
9353800
1417098
7361648
2519423
9587098
8037387
1417098
2625971
9101987
1417098
5557953
1413861
3304685
583022
5264784
8026275
8344264
1417098
1417098
3170424
1417098
1417098
1417098
1417098
1417098
1417098
4291150
686588
1417098
1417098
1417098
3478802
2373673
7581994
2879258
3934223
1417098
1417098
1337597
7651677
2535184
1969728
1417098
2242119
1417098
7791107
7070387
4433975
7654675
1827736
1417098
3729130
9338857
5196955
1417098
2164407
7946941
7387631
1417098
8858569
4665927
1417098
1417098
1417098
4641015
8861073
2204804
1417098
1417098
8702343
3120159
8727568
8939280
1417098
1417098
3728970
1417098
583601
1417098
20684
8043111
5550986
1417098
9537711
4587240
3415995
7794675
1417098
2863451
246155
2966035
1417098
6568584
2792195
1417098
8036105
5342329
1417098
163175
1417098
1417098
1417098
1417098
4232419
5117025
7681121
685941
1417098
1417098
800196
1417098
751891
9059784
1417098
2631877
1417098
7586677
9362455
2207706
1417098
1417098
6178602
8811166
1417098
5242578
2496888
1910029
8537438
262960
3559113
4065680
1417098
5755413
1417098
5043706
4106580
1417098
5578579
6507155
1417098
9187940
7651138
3902739
1417098
1417098
1417098
1417098
19351
4805447
1417098
5785514
1417098
1417098
1937428
9735258
4298940
1417098
1593227
1417098
7497338
1171517
4503200
4056767
3644305
1417098
8568252
5041548
4823066
1417098
1417098
5675551
3179415
7793120
3072628
4665617
553052
6056547
7898765
7691377
1109874
1417098
835924
666376
3850951
797488
5816102
1417098
1299366
1417098
1417098
1417098
9125104
7840870
1417098
1417098
3829279
5877379
3311380
1417098
1067371
5629136
2619118
1417098
583883
519008
1417098
8457890
1417098
1417098
9035038
3428718
9433740
1417098
3738203
4399181
1417098
1417098
1417098
1417098
8646572
1417098
5716867
1417098
1417098
4549267
6295371
1609009
8149769
1417098
1417098
2836308
1236378
1417098
9227491
7645204
140614
1417098
7736352
1417098
4636632
7531402
5359511
1417098
1417098
9071138
1417098
1417098
8682837
1417098
298109
5274573
1417098
2220334
1417098
161456
5182434
1417098
265819
6932356
7667642
3859159
834409
1417098
9499579
1417098
3973335
2622191
1417098
8436122
7811019
1417098
9950141
1417098
1417098
2664926
1351714
890301
5243939
2283841
7225367
1417098
7589504
1417098
1417098
1417098
2632676
4047027
1417098
6002546
1417098
3215505
1417098
1417098
1417098
5253547
1417098
1417098
1417098
1216400
1417098
355680
1417098
1804884
9393043
1417098
1417098
1417098
1859595
1417098
760179
1417098
2593646
1417098
1417098
6535802
313033
1417098
8575816
9373791
7706664
6715019
2201656
6279754
7005886
1417098
1417098
1417098
1417098
1417098
1417098
1417098
1417098
1417098
1417098
7657342
1417098
1417098
4423997
118192
2709113
1417098
1417098
1417098
6320658
7250333
1417098
1417098
2168893
6010233
3170400
1417098
1417098
1417098
9593173
8536668
4525017
326004
1417098
1412707
389787
288246
9405472
7577467
1417098
1761103
1417098
1417098
9881572
1417098
1417098
113292
7345805
1417098
5197431
1417098
1417098
9523478
4194083
6569844
1417098
8746610
7786878
1417098
1534618
1417098
1417098
2363831
5416887
269923
503516
1417098
1417098
2911304
5726601
1417098
8512681
1417098
5042281
1417098
1417098
1417098
1417098
2411779
4180863
1417098
1417098
1417098
2488326
183259
6917909
1417098
1417098
5551573
1417098
2042116
6469951
1417098
1417098
8756849
661106
4072804
1417098
1417098
5216025
1417098
1417098
1710573
6715831
1417098
1417098
1417098
1417098
9234081
9734551
6577371
1417098
1417098
9567956
1417098
2323791
7631020
1417098
7021140
9969852
5760768
2771395
1984365
5756721
1417098
1417098
880493
1417098
6903738
5670872
1417098
7812674
1917906
1417098
6076768
6921044
1417098
8767190
1417098
1417098
6941196
1417098
1417098
1417098
1417098
1417098
1417098
1417098
1417098
374443
1417098
1417098
1754797
1417098
1417098
1417098
549629
4283898
1417098
1016190
7823869
1417098
8246323
5575465
3757399
1417098
132113
797972
8671212
1417098
6072259
9849404
1417098
1417098
1417098
1417098
4831602
1417098
1417098
366988
8014347
1703452
1417098
1417098
9374588
9077790
4607133
564365
1417098
8885283
5342060
1417098
2714627
794052
1521317
8560030
2273774
1417098
1417098
2601956
1203974
156427
1618319
1417098
5449244
3978258
5437579
416184
1417098
1417098
5548173
2290135
121482
1417098
1417098
3111140
6741030
2781901
1417098
5280872
4016198
1417098
187284
5013954
1417098
8821843
953591
1380615
2262456
4445365
2907246
1417098
1417098
3068627
4416986
2484284
9528073
3866477
1941086
1417098
1417098
1417098
9215369
4825646
4466323
1417098
5153765
4255990
4669334
8791054
1417098
1417098
1417098
5487771
5061256
694540
1417098
1417098
2209369
3804776
3227788
7172627
6653593
1417098
8693817
1417098
6678490
7537461
1417098
1417098
1417098
7683777
123997
1417098
8666076
5900369
1417098
1417098
3014871
7666545
1417098
1417098
1417098
7386806
9804741
1417098
5489485
1417098
1244414
5044191
1417098
8398529
8591321
219434
3892546
1292193
1417098
8532528
1417098
4573365
1417098
1417098
1417098
6911201
4187810
342867
1417098
2306870
4726531
5934796
6846964
1849053
4542601
1417098
8674378
1417098
1417098
1417098
1842737
2936100
1821332
3389450
8295461
1417098
4104902
6221541
5130957
4805581
1417098
2590771
1103566
1417098
1417098
5713683
2620547
1417098
7334565
9901512
1215733
4869063
1417098
1417098
1417098
1762330
1417098
1820250
1417098
1417098
3394351
8591688
5305820
208237
3716990
1571490
1141364
537522
66896
7153087
1417098
1417098
1417098
6766166
481360
1417098
1417098
1417098
6981683
1417098
5951518
6736482
9996724
8156390
1417098
57728
1417098
4139048
5248147
1417098
9940329
1417098
1417098
7390376
8269859
6968385
1417098
1580685
1417098
1417098
1417098
9790117
1417098
8393372
7406969
2251664
4853804
1417098
3152342
1417098
8492584
1697499
1417098
1417098
1417098
4477958
5907500
628706
1417098
1417098
2815455
8581823
1417098
1417098
1417098
1027387
7637825
5833252
7256980
4717738
1417098
993045
1417098
1417098
9473349
2222716
8353311
3950743
4922402
1417098
1417098
4859906
3478389
2990665
7135583
8478006
1417098
1417098
1417098
2650130
8583482
4449418
7167599
1762737
1417098
338566
5874155
8979262
1417098
1042651
9336877
7363874
1417098
7086679
1417098
5151338
3524979
1417098
1417098
9753145
1417098
7469250
1417098
7517945
5692670
5251624
7977910
9248701
3565141
1417098
1417098
8043334
9058305
8621702
1417098
5599260
4815344
9983664
1417098
1417098
199261
1417098
5985697
1417098
2042257
6297589
2942906
1417098
7357304
4183212
1417098
1417098
9346501
6810113
786271
1417098
13535
1417098
9748205
9755495
7070415
8932725
1417098
1417098
1417098
1417098
1300638
8477013
167999
1417098
1417098
4754731
1417098
3429806
8838835
1417098
2287264
1417098
1417098
9503663
1751284
3605712
66056
7098647
4990517
1417098
8664942
9140528
2117452
5909893
1417098
8026896
6359337
5762706
2373295
9564802
3044394
1417098
821434
4796821
1417098
1417098
2915153
1417098
2127898
1417098
709407
1417098
4713271
2843899
1417098
5385479
1417098
1417098
1417098
1417098
1417098
5176171
1417098
1417098
2835430
1417098
1417098
186416
1417098
1485969
8833237
1417098
1832301
1417098
1417098
6856867
4616678
480126
1181926
1417098
1184492
8634444
1417098
1187934
4256280
1417098
5442721
1417098
1114244
8148028
6783168
1378855
8059524
1417098
1417098
1417098
6070008
3498030
6329335
8856601
1417098
1417098
1417098
9427986
2243678
966046
1417098
1417098
4589595
1417098
6616270
1417098
9692176
2498669
9029494
8585431
2146589
7441774
1417098
1417098
5619909
1417098
1417098
8303053
1909598
1417098
1417098
6992638
7879576
9362344
1479838
1338643
3530402
382715
1417098
9049746
7356001
3211807
1417098
4476707
1417098
8214966
6164405
2882349
6923672
1417098
8804693
1417098
8134993
1417098
1417098
1417098
1300476
1371366
1417098
1417098
9609181
7776594
2260973
8103349
942405
1417098
1326140
1417098
4854431
1417098
3538342
2646389
7134005
1417098
3691009
1417098
1417098
1417098
1417098
9022569
1417098
1417098
7030551
5544318
1417098
9625977
8430033
7759236
2029744
1417098
6697156
6379215
8898492
3776698
1417098
1417098
1417098
9111079
279735
1417098
1417098
1417098
1417098
1417098
1280250
4485942
3160073
3570711
1417098
8112713
1417098
2929361
1417098
1417098
1417098
1417098
2084901
7825839
4507014
9694873
1738238
1417098
1417098
3458981
9522408
6300958
2492307
7228801
5624564
5009867
8591600
1417098
4213786
474154
1417098
2685562
1417098
7842713
2244710
1417098
1417098
1776896
3704714
8140126
5037905
8740406
3111146
1417098
9181458
3176434
1417098
1417098
9865411
598306
366474
1417098
1417098
1851562
9368724
5960268
1417098
4601387
5296252
1417098
1417098
1417098
4205375
145556
5368647
6485125
1463094
4404948
1417098
879745
994364
7556117
1417098
1417098
8591077
1417098
2885674
518286
4769186
1417098
1417098
499552
588706
1417098
8319729
3890444
5152136
1417098
2996657
1417098
1417098
1417098
1417098
1417098
1417098
460860
8204497
1417098
1417098
1417098
7972615
2122081
5733190
1417098
1417098
1417098
1417098
1417098
8865187
4249992
5668027
9715252
1417098
1417098
561380
1417098
1417098
1417098
1417098
1417098
3919929
1417098
1417098
1417098
1417098
3253554
4797991
1417098
1417098
315582
1417098
8589118
1417098
4273327
6622485
5356293
1417098
1417098
1417098
1417098
859998
1417098
2959756
3641924
1417098
1417098
1205348
5808019
6271359
170322
1417098
5609638
7681871
3433765
1789635
5980500
1417098
7483863
9380558
2988813
54632
4692765
2517715
4458233
1417098
1417098
1417098
6743721
7904408
1610216
1417098
1417098
8379804
1417098
1417098
1417098
1417098
1417098
5398168
1417098
1420692
1417098
1417098
7065431
1417098
1117471
1417098
9769360
2342936
1417098
1417098
1417098
1637988
5158286
1417098
3348666
1417098
4560634
1073827
2833673
5668436
3649021
945213
1417098
1417098
1417098
3551267
1558732
893279
1417098
298198
1417098
1417098
6382638
1417098
1417098
1417098
3701665
1580630
4795809
4039500
1417098
1417098
1417098
8460593
1417098
4546250
1417098
1417098
6700013
6316267
2935026
1417098
1417098
7946328
1417098
7092870
1417098
152189
9542708
3790262
5143946
1417098
1417098
3865516
6120799
1417098
6831328
6268391
7095832
9583708
1417098
1417098
3066215
1417098
1417098
2389232
1417098
1417098
1417098
5449696
8335909
9745085
6507433
1417098
4925498
6826191
1417098
9209532
8946638
3811150
4605273
1417098
6438281
3345456
1417098
5186354
4766737
9664517
2500464
891073
8131842
1417098
4960262
1417098
4020953
6899983
1417098
5326130
1417098
2821631
1417098
3178755
1401938
1417098
6488687
5559103
1496441
6183198
1417098
8596888
3500897
1417098
8696352
1417098
7104696
1488754
1417098
5239148
4817210
1417098
1417098
1417098
4339178
1417098
3847365
1417098
8479380
1417098
4813070
8628801
1417098
8027441
1417098
7502277
1417098
4716038
1975384
1417098
1874587
1417098
1417098
1417098
5027401
1417098
1417098
5611313
1417098
1417098
3579588
3234803
3493729
9231248
2521109
5542196
1417098
4176384
1417098
1417098
1417098
44493
7340246
8450958
814124
1417098
480268
1417098
1417098
9061851
1417098
4025943
1417098
1417098
1404405
5730791
1417098
1201904
1417098
7098655
1417098
1417098
9260487
1417098
1488225
1417098
7821285
1417098
8263888
1417098
1417098
9110441
1417098
1417098
183222
1417098
1417098
2785309
9054864
9438451
7918516
1896346
9350550
4265437
5645817
9747630
8215869
4658804
2545028
2356560
9260749
1417098
1755955
1417098
1417098
1417098
1417098
4256779
1417098
1417098
1417098
5469902
845069
1417098
3619286
1417098
1639628
6389643
5848123
1417098
3034016
1417098
1417098
1417098
970016
1417098
3645636
569939
1417098
9787037
2956726
938208
1417098
1417098
1417098
6277871
7049745
1417098
1365655
1417098
1417098
1417098
1804907
1417098
8622412
734269
1417098
1339751
9978441
1417098
1417098
3448636
1417098
5589342
9918917
6667111
263916
4823599
4980679
7324019
8442884
1417098
8895553
7399888
1417098
1417098
3111342
8550895
1417098
1417098
4576406
4924760
1417098
7887657
1417098
5830320
1417098
2028051
3951602
1431453
8363649
3314271
2624036
1417098
9384136
1417098
917027
1417098
3714971
1417098
1417098
4792504
2867831
1666795
2650826
9363949
1417098
7833243
6540261
2012508
4134040
5301214
4378462
349801
1417098
2318132
1417098
1417098
1417098
9947473
1417098
1417098
4775362
1417098
6793115
1417098
580848
8493391
1417098
1883382
658380
1417098
7816268
1753725
1855339
7822179
8604720
7895847
2518888
1417098
2691610
1417098
4555291
5521909
3545469
1417098
4999078
7806500
446212
6364069
7512536
8742810
1417098
4458676
1956936
1417098
1417098
1417098
6179227
2381107
1417098
6392817
7864053
1417098
1417098
1417098
1417098
1417098
9606381
3011793
1417098
270179
6102821
2511665
1417098
2161954
1417098
1417098
5243622
6990983
1417098
951068
7527683
1417098
8311868
1417098
1417098
7203915
8447568
391350
7608250
1417098
1938565
854734
1417098
1417098
1417098
2555341
5222513
4357017
7035134
1417098
4062624
8414900
1417098
3234652
4339920
7818329
2118927
1417098
1417098
5045329
1417098
1417098
4243804
1417098
3212213
2803535
6391280
8256514
3120285
5422955
1417098
3701745
3190030
5009554
1417098
3142194
4079451
662199
5570976
7515497
284602
1417098
1216360
1417098
5543586
1417098
9831697
1200806
7976679
1417098
4021964
1417098
6162905
9687350
1417098
2761038
1417098
8694581
1417098
1417098
83744
4261114
1417098
5981027
1417098
7184010
1417098
3264589
1417098
709140
1891644
1417098
1417098
4430538
1417098
1417098
5582070
1417098
1217386
2877858
1417098
1417098
5008435
9485639
5728555
1408841
7872257
9055981
6182980
1417098
1417098
6139647
1417098
7634587
7648922
1745566
1546796
1417098
1417098
1417098
1417098
1417098
8493722
6364279
3206535
1417098
80931
1417098
1417098
9202094
1734081
6108596
8522466
1417098
1417098
1417098
4157067
5936870
15261
1417098
2338141
2852033
1417098
1417098
7524772
1417098
1417098
7279458
7544004
6692235
1417098
817129
1417098
1417098
4912987
9469965
7964058
6097964
1301047
4621194
5423824
6924829
2473303
1417098
1417098
3359280
1761554
1417098
1417098
1417098
1841963
3285208
2991179
2480973
1626704
3607678
1417098
6701983
1417098
4537739
1417098
5390742
9155686
2620618
8444631
8926170
2944395
2182944
2439028
9220165
7804092
1586724
4595599
8108920
3330996
9488870
7824769
1417098
8334998
5809771
2951565
1417098
9766043
7362130
1417098
1417098
6263282
6845790
4245269
2193646
1417098
2907705
1417098
8943055
1417098
8207618
4818014
1417098
1397006
1417098
5327088
3020999
8113023
5433215
157579
5842438
1417098
9290575
3698795
1909546
1417098
5830294
1417098
6616432
6515403
1417098
1417098
9279118
8540647
7558446
387124
1671545
3431409
1417098
4856342
1336646
8761691
1417098
789160
1417098
2091744
1417098
2217396
312310
2190418
2201946
389046
4011987
9317382
4602356
8225588
4562387
1417098
1417098
8292390
1417098
1417098
6358902
6542027
602380
1417098
6964144
8383150
1417098
9564293
1417098
8051617
1417098
3652948
1417098
1417098
4139403
9725393
6880723
1417098
6448256
1417098
1417098
1417098
7673346
2749374
1417098
1417098
3155612
559428
4966459
5820261
1417098
1417098
9502150
1417098
1417098
4359290
1417098
434069
8119886
7674690
1417098
5319661
1855504
756221
4295803
5822485
4694543
3797730
6340474
1417098
1344180
1417098
817033
1417098
3211760
1417098
9951264
1417098
1417098
1417098
971127
7579471
7700494
6390910
1417098
1417098
1417098
6183818
1417098
1417098
5976735
1417098
4035810
1310945
1417098
2284429
1417098
8007444
2796777
1417098
2536333
1690514
4346190
6018217
5479355
662778
7409420
6871300
4613424
1417098
4197617
1417098
5623050
1417098
1417098
1417098
7436623
1417098
1417098
7237578
1377841
1417098
2117692
4349498
1417098
1580412
3109977
1417098
1417098
792502
1417098
2946580
1417098
1417098
1417098
1417098
4825721
1417098
1417098
8705204
4875103
4405800
5605254
1417098
8387261
1417098
1417098
8365524
1417098
4884423
1417098
9458652
1417098
2926346
1417098
1417098
1417098
7860425
8682818
1417098
1417098
153680
8703287
1417098
1417098
2104288
6083422
1417098
1417098
1417098
1417098
3931995
1417098
1417098
1417098
8060686
1417098
1417098
6239562
4460725
1417098
1417098
1417098
2852165
7200572
9943218
1417098
6594297
8349245
1417098
1417098
1417098
1417098
1417098
3202880
1417098
1208259
1927953
9379464
8144560
1417098
9278378
7747498
1417098
9662795
5338372
8371196
5840940
1676621
2249453
8304399
1417098
4112667
1417098
8561426
1181880
6770113
1417098
7720185
1417098
1417098
481184
1417098
5290454
1417098
4851348
8351471
8086059
1417098
682423
7893507
1417098
406143
7496625
1417098
8847259
1417098
2920482
1417098
4455892
1417098
5802641
1091081
7007534
2908139
4248376
4629118
1095150
1417098
1417098
9430583
1417098
6153559
1417098
1417098
1417098
1417098
2060750
1417098
9303827
8128602
8701570
6868599
1417098
6972701
1927447
9018296
1417098
1417098
6074675
1417098
4882166
1970188
1417098
7746121
9681048
1417098
9759018
1417098
2938528
1417098
1417098
1417098
1417098
4108928
1417098
1417098
1417098
7045623
1417098
5580007
1417098
4891459
8926771
9584862
1417098
6625940
2838192
1417098
1417098
1417098
1417098
1417098
5653286
2375733
9907379
1417098
2317417
1417098
2201192
1417098
6917542
5076259
8706824
6026547
1417098
7661926
1417098
1417098
6693775
1417098
77756
3253568
1417098
2818587
1417098
1417098
1417098
8343088
7921401
1417098
1417098
1417098
1417098
6509006
479109
8411288
9178137
1417098
8967016
5959282
1213700
1417098
1417098
1417098
9619129
1417098
1417098
7316738
1417098
5918338
3631047
1417098
9534555
1417098
1417098
1417098
7081935
4245715
4791864
4744061
7769629
1417098
4432787
1417098
5625941
8139705
7945633
6712865
1417098
9418347
6547404
1420717
7166153
9550646
1783995
7196295
1207876
9706056
7656245
4041187
8888329
1417098
6956886
1417098
6407191
1417098
9823784
1417098
1417098
1417098
1417098
1561563
1417098
2312078
8440001
8988239
1417098
3139244
6849370
1480590
9320261
6316519
4844226
1417098
1417098
1417098
4534654
1417098
1417098
1417098
1417098
3874049
5588493
2045751
1417098
6095147
1417098
1417098
1417098
7867037
5340432
9898260
2735308
1417098
1417098
1417098
6699945
7151591
476971
1417098
9478365
1806912
1417098
1417098
2020182
8573816
2231722
1638891
1417098
4576651
8099486
9760149
1417098
2839359
5009433
6786396
4721082
6565472
9448693
1417098
3787050
1417098
1417098
1417098
1417098
5124112
2970295
8941322
2975111
3084183
697758
5990264
6499051
1417098
6501277
1417098
8258337
331390
1241881
6665558
1417098
1417098
1417098
1417098
2534361
1417098
8145355
1417098
8303998
1047511
1357467
8252534
2948002
8812100
5825291
3085114
6089523
3062480
2415844
1417098
7276529
2824306
9195851
1417098
6504877
1417098
2653203
1417098
38168
1417098
1892537
1417098
4852885
5722965
1417098
3327752
9769428
151858
8409453
1417098
1406080
1417098
8048910
1417098
7770207
1417098
1417098
5260129
1417098
2494508
1626686
8381403
8746913
7866091
1417098
1417098
9430176
1417098
2964466
2771932
3928487
1417098
1417098
1417098
4831800
1417098
1417098
1417098
2528899
1417098
8995134
8660493
1417098
2362912
1002092
1417098
1417098
8330145
3446453
2966677
8134053
1417098
1417098
4436832
1417098
8202361
1417098
1417098
1417098
9772672
1417098
1417098
1076272
8069569
1456441
1417098
1417098
1417098
460576
8547607
1417098
8283871
3329924
6404967
9551389
1417098
1417098
6363431
4710969
1417098
3212350
8772992
1417098
1417098
9128925
1417098
66312
1417098
5162096
1417098
1417098
6761325
9422630
3796888
4272742
2577530
1417098
1417098
1417098
1417098
1417098
688822
1417098
1417098
8290362
504791
1417098
7637417
1417098
1417098
5165052
5453351
1417098
3443964
1417098
1417098
1417098
3824359
8114560
1417098
1417098
3334024
3023299
1417098
5397946
1417098
6594670
6767856
4241990
4168843
1417098
4990781
8411654
1417098
1417098
1417098
8602764
8806182
8536272
1417098
4783362
7705019
2114650
3941529
2247515
1417098
1975645
9963518
3432187
190585
1417098
1417098
2404940
4918451
9446414
8579879
5914365
1115913
7482184
1417098
4926306
1417098
1417098
1417098
8623025
3025500
1417098
1417098
1417098
1417098
6877197
1417098
8873988
1417098
293450
1417098
6887480
1417098
2520957
9408920
3636773
4581975
1417098
1417098
8215844
1417098
4906532
1417098
1417098
1417098
1417098
867346
8909589
7359795
1417098
1417098
1417098
3981308
4225897
5931653
2481939
79197
1417098
1077176
9557406
1417098
1417098
6448493
1417098
6442209
1417098
748238
1417098
7844378
1417098
9800176
621145
1417098
2773067
1417098
1417098
1417098
1417098
5658482
1417098
1417098
1892145
241864
156614
833292
6929485
1417098
5037733
1417098
1417098
5784443
1417098
1417098
5569436
6247938
9013119
8195334
1417098
6348598
8218341
1417098
2296238
1417098
7403519
5124736
1417098
1417098
1417098
8477344
675206
4310395
5537172
4141760
3915321
1417098
6320955
7335100
3465798
4750802
1417098
1417098
6924586
1417098
1417098
1417098
1417098
2040877
1563691
1417098
5928159
7437716
6124615
9783810
7414901
4581424
1417098
9394645
3871173
5177298
4234540
1417098
4432241
2687481
6312715
1385909
1417098
2369522
1417098
3716713
1417098
1417098
6769706
1417098
1417098
4110507
1417098
3105008
3799956
2964716
9054050
270424
1417098
1417098
1417098
1750679
1101508
2698099
1417098
2006305
1417098
1417098
1417098
6600740
3631327
2342906
1417098
3285842
6363191
3791684
1417098
5208960
1417098
3080683
8701795
1417098
6592288
5108605
1417098
1417098
1711350
4275061
646243
3575610
1417098
777606
9568474
5413454
1417098
1991374
1990770
3739326
4844560
8352989
1417098
2829978
1417098
4887899
9808035
1309116
1417098
7471699
1417098
1417098
3586604
2522114
8529849
3587444
1580170
362156
5392497
3568967
1417098
9767292
2401251
8051961
9923065
1417098
3736153
9326100
1417098
9483633
1417098
1417098
1417098
6991623
1417098
7467336
897613
3077404
7944409
5219946
9204694
1417098
1417098
1417098
1417098
6977119
1417098
1417098
1417098
9813032
1417098
1417098
1417098
4263452
1417098
2106170
6951461
1417098
6974055
4540686
6209120
5832191
4013306
2539575
1417098
1417098
7343449
6944772
7466726
1414918
2329187
1417098
1054832
8148754
1417098
8626613
9577541
8264540
1417098
7398370
1417098
1417098
1966971
4195528
896252
1417098
1417098
2215981
1417098
1417098
5861666
1417098
1417098
2567898
1417098
138280
1417098
1417098
1417098
4743009
1417098
1417098
9095297
5537121
1417098
1417098
3419967
3268057
1417098
1995705
7404788
8494356
7316131
9849122
1417098
1417098
874011
198928
1417098
2677310
1417098
3778640
1417098
1417098
1417098
1417098
1417098
1417098
3125906
4553272
1417098
1417098
8106577
1417098
8097571
9632255
1417098
7633997
1417098
8480363
8231199
7081005
384289
3456407
881762
558266
1417098
8712038
1417098
195880
1417098
2061729
2626365
1417098
1417098
1417098
3743795
2903451
1417098
1417098
524430
1417098
1417098
4814137
1268701
6226964
8155966
6657183
1417098
1417098
4919470
6437197
1417098
1417098
5685608
1417098
1417098
1417098
1417098
1417098
3745437
2940472
1417098
1282366
6762959
1242977
798733
9589354
1417098
1417098
2905142
9406892
904004
1417098
1417098
1417098
1417098
9056657
1417098
1417098
3768120
378835
1417098
5162413
1417098
1417098
1417098
700503
1417098
6480574
1417098
1417098
4722434
9855282
1417098
1655889
4395832
637284
5082786
1417098
1498748
1417098
7347503
5523078
1417098
1417098
5451704
8799827
9870887
4658408
1417098
1388780
3288221
8146964
7149462
3786549
8101512
6982371
1417098
1417098
1417098
6165257
6750312
4499160
4484077
1417098
1417098
7141425
391740
1417098
7729812
7295682
9334196
3384156
6151993
1417098
1417098
1417098
235433
2513345
3137986
1417098
1417098
1417098
8259378
6475413
1417098
2978877
3596975
3322693
1417098
6006910
3670445
3264679
616291
1417098
3293535
4435159
910052
1417098
1417098
2046058
9563458
1417098
2612294
6054855
1417098
1417098
5650757
2449938
136325
1417098
1417098
9921906
4673218
6045935
9972669
1417098
7369138
9315439
5419115
1417098
5283548
3305302
1417098
221694
1417098
1273278
1417098
1417098
2211293
1417098
5425185
9630196
1943782
9120498
4974591
1417098
5570845
1417098
1417098
1417098
6244732
4566295
9315256
1417098
5909489
3370976
1417098
6441501
1417098
1417098
8360088
1417098
1755737
9879865
6163512
8891092
5701782
4498979
5056685
1417098
1417098
1074206
5625498
1546462
8274065
6343626
8884073
6452320
655231
6154002
2453329
1417098
1519844
7927108
6673304
9023072
4485588
1417098
5403247
1417098
4205972
1417098
5211429
2486276
9482743
1417098
1417098
1417098
1113821
6282463
1417098
7598125
480862
3541989
7218084
1417098
1417098
125351
3765651
1417098
1417098
1417098
1417098
1417098
1417098
2670764
491786
1417098
5055551
1763277
1417098
4330966
7749117
1417098
6466171
1417098
1417098
9418509
7839951
1417098
4530854
1417098
1417098
1417098
9592829
7368945
6548770
6744708
8511818
1417098
9866844
851800
7145915
1417098
7064440
9856617
1417098
1435227
1417098
8407022
3237955
8486113
1417098
1135954
4874995
1417098
8326073
4103118
1417098
8796532
1417098
9827466
3804205
7084703
8046989
5548705
5857891
1417098
1417098
1417098
1417098
2633508
950066
9162023
8338531
7080169
483496
697996
1417098
5615663
1417098
619560
1417098
3284909
414499
1417098
6324969
1758996
2421334
7686096
4721331
1417098
2435290
7377163
8070905
1640926
876726
1417098
1054023
8942275
1417098
1695271
6082756
846464
8822348
1417098
1417098
8099274
1417098
3171291
2223636
4184751
4973765
229498
4531220
1417098
1417098
7694900
1417098
1417098
2672217
8361710
4908596
1417098
9510501
1417098
2635555
1417098
9744321
1978649
1417098
937755
4326357
1417098
522733
1417098
1417098
6227949
1417098
4930444
1417098
1417098
150603
1417098
8566857
1417098
269108
1417098
1417098
7422864
1138562
6294098
1417098
3701833
8199528
8025402
3193966
1417098
1417098
6819045
6183090
9637788
2988944
6902347
1417098
5951250
4866442
1417098
9228598
1417098
8467898
1417098
1417098
1417098
8234838
1330834
1417098
8798634
5213858
5516151
1417098
1417098
1417098
4138721
3493168
1417098
1417098
1417098
9662122
3357529
5808928
9071262
1417098
1417098
1417098
9523458
4823347
1630608
6582057
1417098
1417098
8264488
5396056
9845234
897517
1467362
4127936
6405244
3549669
4268554
1417098
8831796
9161559
1175104
4866965
381583
1417098
1417098
1417098
2922392
1417098
8017903
5233105
1417098
1984666
9797346
1417098
2713707
2815943
2160687
1417098
3306650
1417098
4225510
5929805
6975567
1417098
1417098
1417098
7900821
1417098
1417098
4760515
1417098
8546604
7415342
1417098
1417098
5383755
1417098
1417098
1417098
1417098
1543146
1417098
7464135
8561943
1417098
6452054
9591020
7242069
9454981
1800429
2172047
3849814
9052114
3105148
6849161
968914
6373866
7707366
1417098
8866386
7309181
1417098
1382256
9740550
9521259
1297567
1417098
1417098
682086
3637685
369823
1417098
6669614
8185873
4312913
5156201
895267
1417098
1417098
1417098
1417098
1417098
1417098
3337364
1417098
2965992
3711539
1417098
1417098
9857517
8019480
3940623
1417098
1417098
28839
9249628
8212113
1417098
472768
1417098
5760524
2260296
1417098
9361083
1417098
1417098
1417098
1333710
4942383
9883200
4045132
1417098
1417098
8080703
1417098
5462675
1417098
4125353
7333034
5020233
1417098
1417098
7640541
7957888
7859931
1330693
9003600
7318749
9777205
1417098
7055282
1417098
9703493
1417098
1417098
7218807
1417098
7454210
3869075
5202872
1417098
1417098
1417098
1417098
1417098
6746676
6443511
5192976
1357967
6119550
1417098
1417098
9741653
3539822
1417098
1417098
1417098
1417098
5129673
967321
1417098
7511569
1417098
6311036
9285037
9073562
1417098
7477770
4227022
5117547
8813150
59396
1417098
2438532
1517604
1417098
1417098
1417098
1417098
1417098
4882693
1417098
9198908
1417098
24883
1417098
4845665
1417098
1417098
1417098
7381732
1417098
6778984
9588380
1417098
1881502
1417098
1417098
1417098
1103490
8141054
2431190
8583664
742538
9103440
913635
3769138
7951737
1417098
1417098
710496
1417098
1417098
7808617
1417098
1417098
6372031
7341627
1417098
1417098
1417098
1417098
1417098
6653837
8918131
1417098
1417098
2013791
8152086
418919
992522
1563134
1417098
1417098
9747317
1832602
1417098
2518468
1417098
3082230
2959488
1058966
9595344
6516443
1854522
7578380
2420322
7440058
1417098
1503995
5708332
1417098
1417098
1417098
5116841
1417098
1536355
5990405
231475
1417098
3145958
6302101
3935806
9085804
8131496
6987953
1417098
8010053
268228
1417098
9434958
4203337
1417098
8717587
4871330
8114581
1417098
3234248
5180032
7634561
6277866
4974004
6206514
4351171
5261854
1417098
7681134
1417098
1417098
1669245
525012
2994007
3872956
1417098
1417098
1417098
1417098
3440654
9658781
4128378
7690031
1423393
7320685
1417098
1417098
1417098
9134730
4274088
957857
7502198
9375393
7526336
1417098
4680523
9045614
1417098
2340930
1417098
7220065
5251659
1417098
1417098
1417098
1544898
6382355
8625248
1417098
6019250
5486226
1417098
1417098
2410383
1115373
3588931
9081840
1417098
4555318
1417098
9175455
8318776
4254996
1417098
9025020
2770759
1914352
1428741
3795389
4174400
1417098
1108680
2135942
1417098
5366352
7194628
5082084
1417098
6080158
9089291
1417098
7148962
7507359
1417098
1417098
4271742
1417098
1417098
1417098
1417098
9589918
2482365
1417098
8636683
5271561
1417098
4554850
1417098
5474871
2744945
6125008
8228395
3286593
1417098
1417098
5064688
1417098
6636103
411376
1417098
5448845
1417098
3965804
306615
1417098
3250593
1417098
5632664
6838869
1417098
42480
1417098
1417098
2154759
1417098
8049390
8027394
1932336
1417098
5530957
1417098
8710502
1417098
5242990
7912957
7817845
1417098
2102557
1417098
9417588
2869603
1417098
4137014
1295498
4776628
1417098
1417098
9001673
1417098
369155
1417098
1417098
9433330
6060100
4621582
1417098
1417098
1417098
1417098
1417098
1417098
1417098
1417098
172138
4422396
5954741
1963862
1417098
1482386
1417098
6942106
1417098
1417098
1417098
4270122
2472513
7093909
2705792
3141985
2851123
9248653
6481861
1417098
1417098
1417098
1417098
368638
7897214
1417098
1417098
1417098
9065189
703019
4161148
8901187
1417098
4095534
1417098
1417098
1417098
1417098
9610138
6906981
1417098
8744077
1417098
7242235
1417098
1417098
9460403
3050817
1417098
1417098
6582408
6556357
5080864
5048772
9940056
1417098
2507932
1417098
9318863
7338525
8622050
7353759
1058900
587749
254024
735164
1417098
5357563
6699678
9980778
3329104
7574804
8123141
1418760
1417098
481858
1417098
1417098
1417098
1417098
5463497
1417098
1823814
1417098
9581513
6151679
1417098
4975645
5631570
9823323
5628609
2864468
5373011
1417098
1417098
1687247
1517306
924614
9205134
1417098
1417098
1417098
1417098
5151329
5100044
1417098
6292400
1417098
8298815
1417098
1417098
3513346
2316880
9212513
1417098
7282404
1909425
1417098
3386953
1007592
5848670
1417098
8077039
9110682
8728783
151657
9377723
4788367
2477939
3077424
7648619
1417098
1417098
3728649
1417098
2985574
1417098
7773387
5656466
9095027
1417098
7379501
1417098
1417098
6277391
6533287
5512974
4462538
1417098
1417098
1417098
8055355
5261815
1443429
1417098
6275663
1417098
559761
1405024
5329618
7171028
5018571
3980540
1417098
439163
6051556
1417098
8884925
1417098
3659477
680533
7022420
1417098
6261283
85330
6651979
1417098
1417098
1417098
5132390
2267993
4306221
9733776
6955316
8448117
2758251
6763305
4544014
9198779
6444604
7965699
618902
1417098
1417098
6259094
1417098
3969920
9964245
1417098
3955248
182272
1417098
1416792
4729911
7330057
1417098
1417098
9142956
1182461
4283167
3997900
1417098
7422480
1417098
1417098
1417098
9255943
5071234
1417098
9604084
1417098
6458026
793029
7839893
1417098
1417098
4453147
8658424
9119648
1417098
3868937
7889563
7020721
4616495
8326853
8033598
1417098
1417098
1417098
729410
1417098
7789634
271574
5270442
8188330
1417098
1417098
8197454
1417098
1080815
1417098
1417098
6672634
1417098
1417098
2546066
1902582
1417098
5406742
1417098
9883247
4885096
1417098
1417098
7433607
8141104
1417098
1417098
3974227
6427130
8558481
1417098
4002420
5472173
1417098
3763625
448170
3493254
1417098
6694435
1417098
8499234
1649428
3102749
6802440
8233518
1417098
6256219
3402113
5270045
1417098
4395142
5615720
1417098
1417098
8800083
8311286
9926630
1417098
1417098
9925009
2701941
1417098
1417098
2543464
7567033
1443682
7454434
1417098
1357019
1417098
1417098
1417098
692359
3503213
1417098
3800767
1417098
1922697
1417098
1417098
1319490
3810680
1539095
1417098
1417098
9482432
1417098
1417098
1040438
4879223
1763298
1417098
9527644
5393203
1417098
1417098
4071164
1634389
1417098
4036670
1417098
1417098
1417098
1417098
6207347
1417098
730414
1417098
1417098
7285
1417098
1417098
2732260
9442726
6266758
7162262
288558
1417098
1329648
1417098
1417098
1878671
8994053
1417098
1417098
1417098
761377
3999759
1417098
1417098
1417098
7254055
8045712
3998509
1417098
5037678
659275
5047289
1417098
726805
1417098
1417098
4738670
1417098
1417098
1417098
1417098
2120152
5198821
9427496
6934945
8311011
1172285
1417098
3912845
434327
6296210
2634196
1417098
2067348
1417098
3595865
480646
2656956
1417098
77429
1417098
8938009
7522774
5547828
1417098
1417098
4625386
1417098
905252
7344591
1417098
5987714
8390648
5116639
9065273
1417098
6634239
9092531
8367316
9303994
7310138
4049646
6089650
7649674
9334904
6099407
1417098
7554704
7644449
4964802
2273842
1417098
3105976
1417098
312468
1417098
1417098
5735418
6309099
1417098
1417098
5574905
1417381
3125971
6235293
4485022
1417098
9902791
1417098
9974194
1417098
3197890
1417098
8738600
9069586
1131334
1417098
3467996
1417098
1417098
1625931
7437516
8425747
1417098
1417098
3538858
1417098
1417098
8829791
8553447
1417098
1417098
3210878
1417098
1417098
1417098
1417098
1417098
1417098
1417098
953096
1417098
5389507
1417098
1417098
874395
1417098
4042080
3678811
7966777
1417098
4671357
9028799
4459218
4094416
3185689
1417098
5516203
1417098
8598544
9612063
1417098
2926588
1417098
1417098
1417098
1417098
1417098
2467341
9673064
1417098
1417098
1417098
8971599
1417098
7364679
1417098
1417098
1417098
1417098
1417098
1417098
7335606
1417098
2433410
1417098
1417098
4541316
1153273
8980241
465119
1417098
1417098
1417098
2939172
340666
1417098
6204711
1417098
370411
3158527
6066100
6430838
3309634
5852417
5348885
3026812
2104755
1417098
1417098
5598153
6927165
299233
1417098
1417098
1417098
2755996
1417098
1417098
1474195
1417098
1417098
5656582
3158883
1417098
4194652
6024647
1417098
8718941
1417098
1417098
1417098
229260
1084288
1417098
5174967
1417098
3784799
1417098
2748705
3573964
3021544
2662639
9242837
1252572
1543380
1417098
6116764
1417098
5596100
7265260
7071038
7082459
1766770
8010520
1417098
218
1417098
7446589
1417098
1994186
5326057
9239101
9046226
1417098
1417098
1417098
1417098
1417098
4220002
5347594
1417098
1417098
7510789
1417098
1417098
1417098
3931006
1417098
2148285
1417098
4970428
1417098
1207785
4505161
1417098
1417098
2445149
7914978
7634123
7677749
1417098
1417098
1417098
1417098
9500559
8512481
9975340
1427823
4664414
1417098
5165764
1417098
8493686
5423003
1417098
730938
1417098
1417098
1417098
2055097
1417098
4854084
6735642
5382355
5265256
1417098
1417098
1417098
1417098
9491480
7371307
7419410
4190085
5125995
9745757
3251435
6414337
1417098
4507239
1417098
2124262
1417098
468954
3639675
6090006
6682119
8999722
6676861
1417098
1417098
1417098
1417098
1417098
8791299
9557804
8076997
1417098
4093624
6222610
7133108
5262729
1417098
8531892
8408759
991041
1417098
1417098
5718303
519222
1586638
8898285
9468681
1417098
228650
1417098
1417098
7346480
9842263
2870843
1417098
2509966
1417098
1417098
1417098
1417098
6422068
1417098
4154947
7327294
2159146
9859672
641139
6595961
1417098
6774088
1417098
2966820
4077231
1417098
1417098
3042120
5967041
3900352
628627
1417098
1417098
4226125
1417098
7259799
1417098
7882787
1417098
1417098
4835317
8101136
1417098
4028868
343829
1417098
3993728
1417098
3079228
1417098
1417098
7048716
1417098
456653
990231
1417098
8148471
7853321
9069211
1417098
1887510
1260932
8734619
1830599
1417098
6563761
8723944
1457981
6115206
1417098
1417098
1417098
1417098
9361453
1417098
1417098
6863332
3105093
2118335
8172155
1417098
1417098
1714980
1417098
3400713
1417098
8953912
8517578
4604913
1417098
1417098
1417098
1417098
1417098
1417098
8304687
1417098
1417098
5839127
5414979
6391824
1417098
1417098
4345488
1417098
7313650
1417098
9879561
5507563
1417098
601402
6400173
2781371
2241693
7429601
705137
1417098
2771308
5095079
2584816
9024029
7531920
7998688
2606908
1417098
1417098
5402898
9671573
1417098
5910132
6363770
9961904
1417098
5455244
8396164
1417098
1417098
1868998
1417098
4102450
1255944
1417098
1417098
1417098
1417098
1417098
419779
935462
1417098
1417098
1417098
1417098
5964268
2112319
1417098
1417098
1417098
1417098
5647390
9354494
1417098
4140914
5734353
1417098
1417098
1417098
6183632
8073643
4797204
1417098
1417098
2816115
1417098
3330820
602947
8699145
542655
559553
6280976
1417098
1443026
5237822
9932356
1417098
2516947
6747825
9184666
1417098
214922
4530013
9970511
7798405
7833693
1417098
1417098
1026153
4218258
2426987
1417098
2174818
2022576
1417098
880358
1417098
1417098
7683603
5696
5180513
4671288
2699941
7270399
1417098
1417098
1417098
6892729
8395951
2595440
1417098
1417098
1417098
1417098
3156272
6956486
1417098
1417098
1417098
6077244
1417098
7282786
1417098
8775015
8651933
7949514
558583
1417098
1417098
1417098
3040145
7682134
7717767
6299542
4118086
9457461
1417098
7165559
1417098
1354890
9769609
6349482
3027191
5041145
8704123
1417098
9811112
390964
6891375
719848
7523371
4214103
8431244
1936522
1417098
1417098
6724430
3233992
4522140
1417098
1417098
1417098
9017367
6714403
7307643
1417098
3144364
4147460
822121
4233546
1417098
8839619
1417098
955715
1144897
1417098
1417098
4683379
4231844
1417098
6973833
1417098
4982872
1536106
1369532
2311825
965455
1417098
1417098
6586041
5529617
1417098
1417098
2007446
1417098
2093984
3601417
967207
408503
6599473
1417098
6915222
1417098
1417098
7745882
1549915
1417098
149316
1417098
9474050
1417098
1417098
9293810
7841326
6214154
2033796
8020107
346249
6984027
1417098
1417098
4413338
1417098
1417098
1417098
6165878
858261
1417098
1417098
1417098
2778142
1417098
1417098
1417098
8501562
2615617
9976085
8851333
1417098
1417098
1927
1417098
1721402
1417098
1417098
2274655
1981270
3512
8994870
940907
688889
1417098
1417098
318745
1417098
6435130
1417098
1417098
1417098
1417098
1877596
3240264
2354318
6250849
4571883
4721471
1417098
7114653
1306627
2333594
9910216
1539078
6324640
7183204
7574436
1417098
7448719
1657641
7247121
5497260
4127772
7242706
4469148
1417098
1417098
8981094
1155057
8248314
1417098
2955782
1417098
1417098
4270619
1417098
4741397
1417098
2861458
6212653
2107100
5181406
273049
1417098
7510178
3986758
5234235
7953472
5171739
1417098
8661602
3088850
2866015
1417098
1417098
9469796
4737583
1371252
1417098
9685559
2090362
1417098
3763498
1417098
4470340
1417098
1417098
9578237
9886051
3308459
3143936
1417098
7703423
9976741
1417098
1417098
7008374
1417098
5628628
7749836
536940
4847788
6790586
5219454
645874
8316715
5293680
1417098
5600801
355707
1417098
7212071
1417098
3885131
59879
5193647
1417098
7162644
1417098
3678879
6644734
9880315
387598
6338070
9952089
5428686
664874
1417098
1417098
7283517
7704403
9757363
1417098
979901
5522735
1417098
3736961
3365752
667421
9112569
1417098
876802
3157089
478397
9738927
1728188
447077
1417098
1227985
8114965
1417098
1417098
7859030
1417098
6111962
1417098
1417098
1726786
9058116
1417098
1417098
1417098
1417098
2528758
1255103
1417098
903991
3975039
9529695
6442758
2417270
4164645
1417098
4564774
2832469
6883529
2838707
1417098
8278780
3069222
6925511
1417098
1417098
1417098
7265400
490280
8671577
1417098
9474454
7148174
1417098
1417098
522938
6258936
3585923
1417098
630839
1417098
7083418
1417098
9641402
2610410
1417098
1417098
1417098
1417098
1417098
2322170
8565483
2461466
295303
1417098
2914353
1372315
695481
1417098
864451
7269973
1417098
4650035
6492481
8557878
7423906
6322930
2719736
1417098
1417098
1417098
1597033
3984239
4660723
7431272
1417098
1417098
6835013
1417098
2502692
1417098
1417098
1417098
9363342
6996058
1417098
1417098
8676152
1417098
4664000
8199563
1417098
7477889
7746352
1417098
7405996
1511077
2314755
7075146
9311692
9452392
8899264
1417098
5192103
5011138
8824930
6844595
1417098
1417098
1417098
1417098
4315455
1417098
574397
1417098
1417098
1417098
8248608
1417098
8018621
5374383
1417098
4445344
5982364
1417098
5599947
1417098
6585764
1417098
5683243
1417098
1417098
4926640
1727647
5073153
1417098
7182035
971944
1417098
9717359
1417098
2918004
1417098
1417098
7064797
2402036
6351834
1417098
2848656
5103992
1417098
1417098
6444476
7290934
8753672
1417098
1365995
1417098
7353779
1417098
1534738
3806348
2500697
1417098
1417098
6581210
3469787
1417098
9329969
7111127
1417098
1417098
1133770
1215429
1417098
1417098
1417098
6796289
9416986
1417098
1417098
1417098
1417098
1417098
621440
2427693
7148539
4087200
9232108
3599765
8926835
1034552
6879468
1417098
1417098
6846655
2779891
1417098
1641489
7473811
1417098
1417098
4607201
1417098
6869100
9226631
2617425
1417098
1417098
1417098
7902719
1417098
8625933
4671587
1417098
1509787
3363073
1965353
9349174
8335928
3412845
1417098
124506
2445455
1417098
8703306
1417098
1417098
1417098
9120636
636891
2601818
1417098
8173636
2430729
7560068
7377420
8945474
1418438
1417098
8724272
1417098
1104796
1417098
1417098
6615466
1417098
1417098
1417098
1417098
1417098
742763
3124700
3167266
4188843
1417098
8704561
1417098
1417098
1417098
1417098
1264106
4345674
3099777
1417098
1417098
1417098
5540576
508061
4022866
2280353
7200957
1417098
1417098
1417098
5381984
2124000
1417098
4965125
1808373
5876529
1417098
1417098
3219290
1417098
1417098
1417098
9300681
7833466
5999797
1417098
1417098
1417098
1417098
1292093
8450273
5337495
3591134
1417098
1417098
1417098
1417098
7701078
5832426
1417098
1417098
1417098
1417098
5505115
1943144
4199951
934221
6701281
7467784
8017522
6577898
16081
2795123
9391375
1417098
1417098
1150382
1417098
508280
2664302
2002153
1417098
1417098
1417098
2421421
5404789
5593825
1417098
1417098
1417098
1417098
8477847
1522963
9833167
1546470
1417098
5109404
5859027
590375
6544704
6283137
5044120
1417098
9547872
1527820
1417098
1611108
5036298
1417098
7079449
3431084
1417098
1417098
1417098
6133394
2899991
9074112
1417098
1417098
1417098
9099905
5801606
7133320
2183135
1417098
7217424
1417098
1417098
6663368
5607474
2965962
8387080
667641
1417098
9267786
9248735
7442162
8336596
8611127
8588823
1417098
5343056
1417098
1417098
4697487
7093827
1417098
7483034
1184485
686958
1417098
1417098
4703151
1417098
1417098
277897
1417098
4827692
2915814
8293942
9181856
2105411
1417098
5331625
77431
4526050
994843
14572
6469227
1417098
686099
1417098
4360654
1417098
1417098
1417098
1417098
8205601
1417098
1417098
1026348
49582
1417098
1931787
3629084
1417098
6766441
1877602
1417098
5627835
4177049
7025538
1417098
4570860
1417098
8527225
1417098
9074654
318734
7060635
1417098
3997210
4000471
1417098
1417098
1815727
1417098
2247617
5064030
1417098
1417098
2589892
8622444
1417098
1417098
6889868
1417098
1417098
1417098
6065487
4724400
1417098
1417098
8031596
9406807
1417098
1417098
1417098
1417098
4185793
6279088
2731626
1417098
8510162
1417098
1417098
5012077
1417098
1385456
3003055
3465652
2868065
1417098
8600095
7837781
1417098
2327022
1417098
7436395
1417098
6953790
1417098
7847516
3244361
5833369
1417098
1417098
1417098
7776286
1417098
2101088
1417098
9683704
1417098
1417098
3645450
1417098
1417098
1417098
1412969
8400412
1417098
4373550
1417098
6488669
9335560
6142214
5949511
1417098
1417098
1417098
7487315
1417098
1417098
6463901
6720782
1417098
7535162
363743
9403302
1417098
4283644
1417098
2386951
1417098
8746526
1417098
974743
680936
1417098
1417098
4396686
5747285
4101948
1417098
7453783
8270828
1417098
1394354
1417098
1607691
6014976
9636991
6334719
1417098
9925354
1417098
9535698
9354645
1025627
4957198
1764885
4562589
1417098
2169213
9099527
5522704
9576754
7447552
1417098
1944248
1417098
8232103
1417098
1530600
1929129
1417098
7103713
1417098
6725836
9741780
1417098
1417098
2078462
27011
1417098
1417098
1417098
1417098
1417098
1417098
5616313
7587390
563169
4672636
7661956
1770865
8881970
8473346
1417098
7787516
2303129
7978508
9179579
281108
1417098
7024335
4175719
2949261
6463162
3318685
1417098
5822127
148590
8111384
9532014
9805243
4600503
1212986
1417098
6766892
1417098
1417098
4086237
1417098
747904
1417098
2595207
220620
9316599
1417098
3958107
2455029
1417098
7934188
4787865
1417098
883174
1417098
1417098
1417098
2830056
1417098
1417098
3948817
7464963
1417098
5816254
1417098
81579
1417098
8589916
5623217
1417098
1417098
2866833
1417098
9381406
47060
8864793
1417098
9396270
1417098
4018487
5957596
1417098
1417098
1417098
1417098
2903070
5577527
4359359
6751680
1417098
4690057
8642993
1417098
5368513
1753096
9667097
1417098
1417098
3385572
1417098
1417098
1417098
1345547
1417098
5216635
7477577
1550602
1417098
2712328
1417098
1417098
1138643
2875236
9066998
1417098
1417098
8468686
7746164
1417098
1417098
1417098
1948070
1300069
7007098
7192099
1417098
8141211
1417098
1417098
1417098
5223322
8022219
2356903
1417098
1417098
2667182
1417098
1417098
3428364
2851983
2062674
1417098
1417098
3139601
7237200
9063528
1417098
8624583
630844
6154963
1417098
9666502
3936975
6037719
1417098
1417098
1417098
1417098
1417098
5491899
4188578
927305
7789963
1417098
1417098
1417098
1490166
4878327
7992832
1417098
1417098
7875986
1417098
6843525
5948497
4485498
1417098
8532115
1417098
1417098
1417098
8900733
7353375
1417098
2891642
1417098
4263769
1417098
8984693
2154609
1417098
1417098
1417098
1423908
3618359
1417098
1417098
1417098
1417098
1417098
1417098
9469080
1417098
1200097
1417098
1402036
6700804
1417098
7725326
1417098
1417098
1417098
9121498
5027898
1417098
1888752
1700545
6987180
4828599
9935085
1417098
1417098
1417098
1417098
7570699
974410
5858517
8316592
6945179
1601014
1417098
7065619
1417098
6792161
9685393
5527211
1251533
1417098
9426689
1417098
1417098
5495612
1417098
7373374
1417098
1417098
9297571
1361576
1417098
71036
1417098
2570212
3355529
336453
1417098
1417098
1246602
9457004
9669533
1417098
1417098
9308863
5591558
1417098
958855
7481573
3659095
1417098
5618521
1396784
1272944
3320345
7171533
1417098
3030496
3944078
6449347
1417098
1417098
4294477
2372393
9309823
3301141
1417098
1417098
1417098
1487162
1417098
1417098
8341080
3202535
1464354
3992210
310316
1417098
6185260
1417098
5086834
3535149
1068285
1417098
1417098
1417098
1534435
5102147
1975822
1297690
4233226
3231355
1417098
1417098
2225224
247477
1185046
3104387
1417098
1417098
9876288
1417098
1120786
1417098
4601732
4404987
1417098
9729105
1417098
6923979
1417098
1417098
1417098
1417098
1417098
5643224
1417098
1417098
8334808
7489201
2229861
5880000
1417098
1417098
4586344
8020605
6063
1417098
1417098
2779841
1453313
1417098
4559390
5504865
1417098
9342913
2093411
1417098
9398826
1417098
6714821
1417098
1417098
1417098
1417098
1417098
1417098
4632030
2083218
6857684
1417098
1973431
1417098
1417098
7198653
2945512
578350
1417098
4979595
7855266
4468331
5486441
2569190
9659777
1417098
4152787
1417098
3368041
1417098
1325954
1417098
3335511
1417098
1417098
5563021
8190219
1524332
1417098
1417098
1417098
2084997
1417098
3565548
4732868
8337730
5651512
1417098
711275
8125662
8963415
6730469
1417098
1613745
7845018
8350804
1417098
1417098
1417098
412113
8196701
1417098
1417098
1417098
214461
4902599
272632
1417098
1417098
1417098
1417098
7636025
9008777
4910348
1417098
9965512
1417098
6692241
6997081
2008156
1417098
4566750
1417098
1417098
1417098
1417098
1567908
1417098
1417098
6202880
1417098
3229015
1324471
1417098
1417098
334386
5257980
1417098
2480106
5601707
4287243
1417098
3900646
1417098
6501873
3726019
8969113
1417098
8449162
4662733
1417098
4629528
7021991
2607843
9838094
3851704
1417098
8173633
1417098
363071
8693947
1417098
1417098
564479
3465661
6479329
1417098
1675558
9310489
4430909
160958
7639208
1417098
7067549
6854509
1729437
1417098
4303780
1417098
1417098
9269010
7355219
4184036
6418545
2662783
2644299
1417098
463854
1417098
1417098
1417098
784816
1257841
1417098
9093310
1417098
5443360
8200862
4911085
1417098
5993869
1417098
1417098
9033771
6173763
5574552
9145015
3520880
6449938
9808067
1417098
1987783
355577
1417098
1417098
1417098
1417098
9087789
1417098
2880524
1417098
1417098
2817328
3658217
4177
1417098
1417098
7181359
1417098
2113214
1749972
1417098
8307309
1417098
7626873
8009899
1417098
7905423
3512779
1417098
6776282
3369290
3206877
1890573
3766185
4029194
1417098
7284789
1526795
1417098
3592834
1417098
3967287
5086808
1417098
1190375
3999311
1417098
1417098
9601827
7260608
1417098
1417098
492429
2275585
810675
1417098
1417098
7397274
9983909
5643672
1417098
1417098
1417098
439871
632808
8191993
1417098
9943207
1417098
5756429
6988258
1417098
1417098
1417098
5308307
7177030
1417098
2133380
2384604
7170856
6824693
4599541
1417098
4312446
1417098
3645480
1417098
1417098
9390379
2128904
3421574
1417098
9368716
508456
7040736
1059165
6912247
1417098
1417098
7337687
1417098
1417098
1638081
9890574
1309766
1417098
1417098
73600
1417098
1417098
9602344
2563359
1417098
4244444
1417098
1417098
8945513
5716924
1755559
7851305
1417098
1417098
1417098
4432765
1005026
8660542
1417098
1417098
1341002
1417098
9011391
1417098
5967206
1417098
8869026
6562579
1417098
3161132
6528429
9475751
1417098
3342302
1417098
9157859
1417098
1417098
743544
2298182
6520317
1417098
9521007
4883649
1985208
1417098
1417098
1417098
1417098
3187438
1417098
7154715
1417098
2748975
6042334
9830962
1417098
1417098
1417098
930320
1417098
7477960
6285331
4466171
1417098
212713
4790997
1417098
4744193
7263782
1417098
9710374
6483691
2861232
5187596
7923907
1417098
1088368
2038780
2993592
8357130
1417098
1417098
2050025
1417098
1417098
7562761
1417098
1417098
9140051
1417098
1417098
6029612
5177516
6691926
6228369
9571683
1417098
9946315
3126681
5953600
7758281
5871521
5106426
1417098
1417098
1417098
1419544
5934405
1417098
2658318
1417098
2266372
1417098
2544250
1417098
1417098
4692110
6078404
6608562
9201531
2990077
7227879
3343630
8254198
9446325
1417098
9641977
1417098
1417098
1417098
4604112
1354179
1917710
1417098
1417098
1417098
1417098
5239795
1417098
1417098
1518119
72927
1753079
4826454
9844235
1417098
6549010
9343920
1417098
5072066
8786684
1417098
9919252
1417098
6908732
3411076
1417098
3945676
6445607
3670033
9990371
1417098
1417098
1417098
1417098
9071458
1417098
3312014
468154
3417818
1417098
880042
1219475
8614106
1417098
289170
3669615
3221319
3214469
9975600
5957749
1417098
5446177
1417098
6949220
5285959
9049062
7380989
1417098
3048720
1417098
8440018
1417098
9609130
1417098
1417098
6040609
1417098
1157956
8665874
2381559
5248789
617175
8076414
1417098
9063295
1836413
5302655
1723139
6558000
1417098
1417098
7695595
5164072
1305758
1417098
4476900
993629
8515286
1417098
7825506
8498479
3175558
1417098
1417098
3841195
7886627
7165621
625263
5309649
7444276
8282056
1417098
6540085
2850692
3210830
9177311
1417098
9869753
8171098
561267
1417098
6146075
1203894
1984268
3884416
1417098
1417098
2434882
805702
1417098
6487039
1417098
464556
1417098
1417098
3272890
2383484
1417098
6858469
1464727
6325426
1417098
1417098
8921846
3648259
146347
1417098
3464482
1193424
8717685
1417098
1741758
575153
1479865
2625805
1417098
1074143
2253021
5126001
1589815
3756767
1417098
9189219
2142989
1417098
4183051
1417098
697415
2528191
3202941
1417098
5064256
2890530
4405166
9654374
5565707
9654472
2123305
1417098
1417098
1417098
1417098
1417098
7854034
1417098
1417098
4736908
1356913
1417098
7969126
6326791
6742861
7835721
9210003
1555831
1417098
8996315
261574
3429142
7565985
8071402
1417098
1417098
1417098
5329947
4563802
2179635
6900149
2694045
6236479
1417098
1417098
1417098
1417098
6791720
8851748
1417098
1417098
1417098
1160221
8197891
7180714
4080788
1882954
2573112
1417098
1417098
5822628
2755256
655668
1417098
983785
1417098
1462195
1417098
3518807
7727278
2006974
4012001
1417098
7321272
5959230
1417098
9288405
9367365
1417098
1417098
2079264
333469
2112879
9280948
1417098
9375175
1417098
1417098
8783318
7612473
1417098
3517536
1417098
7474521
9984022
3847962
4306774
1417098
9219374
1013126
1417098
6102887
1417098
6002740
1417098
9536827
1417098
1417098
1417098
1417098
1417098
9252778
1417098
1417098
1417098
5317099
1417098
1417098
5835225
3491645
677579
1417098
4537087
9171717
1417098
4271464
1417098
8021926
1417098
1417098
5087908
5376924
1417098
1417098
1417098
1297870
1417098
8368199
598563
1417098
3645742
1417098
1417098
3276617
1417098
1417098
4283727
6880483
7507031
8892934
5417719
2135669
1417098
8288799
6700864
1417098
1186156
1417098
1417098
2415211
1417098
7084975
676834
1417098
1417098
6886839
1417098
1417098
5654486
3227587
6111118
1614215
2060731
1200412
6476258
1417098
1417098
5951272
6324082
1417098
1417098
9623919
8742674
2527421
1417098
1417098
7867784
1417098
1417098
5167336
7015372
3568302
1417098
7107447
1417098
4479888
1417098
950320
1417098
3038299
104645
9293665
1417098
1417098
5145084
1417098
8660877
1417098
8817183
1417098
1417098
737340
1417098
1417098
6224522
1328724
2926282
7845304
442243
6143394
2821486
1289236
1417098
3912659
2064657
3628435
6917552
1417098
3150040
6995463
1417098
1417098
4939925
3497838
8448487
2204298
1417098
1765666
8834939
1417098
1417098
1417098
1417098
1417098
1814152
2078086
1417098
1417098
1417098
8212609
3797130
7395907
4740526
4175867
1417098
5099529
479375
1417098
4168502
8089337
4088008
4936705
7991465
638576
4902724
8438363
9974023
7222632
1654397
3209748
5976314
9108337
1417098
1417098
1417098
3838514
6987687
1417098
6478211
8815021
1417098
8401437
129757
1417098
1417098
792369
2108142
1417098
4137005
1417098
1417098
2243536
1417098
1417098
1417098
1417098
459957
1417098
1679101
6769872
1417098
1417098
2488318
1417098
4393711
6947604
2626481
6752430
9931837
1417098
1017776
3676160
4917463
1417098
3489005
9476889
1417098
1417098
700902
1417098
2263169
1417098
8373774
3258471
6144244
8538768
2869836
4225470
1417098
1417098
4954946
1417098
1343641
1417098
570451
4531362
1417098
1597588
5889528
1417098
1417098
1417098
1417098
6640308
7582482
1417098
1417098
1417098
1417098
2948288
1417098
1417098
4166916
8928468
1417098
1417098
274769
1417098
2926237
1417098
1847398
1417098
705756
7811937
1417098
1417098
6227806
1417098
8024854
5120892
8092470
8970869
8312345
6566369
9736742
1752182
5515553
1921995
479584
7978333
6516363
1417098
6896147
453795
5112709
4685570
1417098
1417098
4180893
1417098
1417098
4682976
1417098
1417098
8169752
913756
6993246
2360641
9584895
1417098
1417098
5008728
1417098
8806802
7517100
643867
8241309
2375718
9939776
7448863
7051708
1417098
1417098
1417098
1417098
7017310
7628900
2148724
1417098
1890466
2719364
5612272
5712316
9425406
1417098
9776456
9671264
1417098
2786298
2324111
1691759
8651014
1417098
4492693
3176703
1643717
6001560
1417098
3098833
3242499
1417098
1417098
8451719
5862681
2105450
1417098
9826901
9043330
1417098
1417098
1417098
8860513
2174570
5281580
4477180
9050659
9342162
1417098
6980630
1546800
4423046
4697289
2331729
3566877
9048825
6248789
1417098
3906828
4963355
1612891
5563838
1417098
9789899
2842860
1417098
1417098
5636457
604006
9028738
6367682
7515257
1417098
1417098
1417098
1417098
6050512
195443
961180
1417098
2190300
8655674
1417098
4690146
341266
256886
1113819
9724315
3610594
8543256
8691256
4723259
1417098
9239990
1417098
1417098
5474956
1417098
7376865
8412265
1417098
1417098
8814354
6722517
1115203
8640524
1417098
1417098
1417098
1417098
9176872
1417098
102292
2186399
1417098
2099094
2294531
1417098
1417098
8570135
1417098
3676485
1417098
1417098
1417098
1417098
5096157
9000388
1417098
1417098
1417098
960363
1417098
1417098
4363446
5551286
1417098
6961469
866882
8490326
7933653
8695012
1417098
1417098
1417098
7813347
732765
6798763
1417098
7645616
1417098
8600348
3214832
1417098
9812723
7420412
4185574
9302679
1417098
6064702
1417098
1417098
1417098
1027750
1417098
526137
1417098
1417098
4647440
1417098
1417098
8258547
8430097
1417098
9360551
3581058
2005086
6130057
2372024
8025243
41267
893283
4505289
1417098
7956972
1417098
1417098
7310498
1417098
8554877
1417098
7984732
1417098
1417098
5559740
6620560
1417098
8308970
8422838
9247981
1417098
1417098
1417098
8143104
7899919
7950227
1417098
1417098
8466135
1417098
1417098
1417098
4170244
4351763
1417098
1417098
112077
8178299
1417098
3593141
5843870
1417098
9230780
252552
1242280
6185839
1417098
1417098
4034379
659999
1083517
7900615
5420672
2947805
6404238
3157772
1417098
3468506
3529276
9015389
7504362
1417098
9883493
7226755
1034949
6315835
2904863
1417098
2870845
4909450
1417098
1417098
1417098
5368652
9989204
80091
3289645
5039127
7120503
5223777
4241657
1417098
7882974
4191101
6316880
1770404
1417098
8741247
6948561
9116695
7372397
246969
5863714
1417098
1263387
2566586
1417098
1417098
3791976
4326915
1417098
1417098
4099928
225960
1417098
1417098
6048277
8943450
7093875
7476808
1417098
1417098
3322541
1417098
1417098
1417098
1417098
2802557
9525270
1417098
9648983
9299842
6648953
7238372
1417098
6301770
5490900
1417098
1417098
4307393
1343834
3038593
2308973
5791517
2527382
128825
1417098
1417098
8034386
1417098
1417098
3578880
8753241
1417098
1417098
1417098
2569951
1417098
5225161
1276351
1417098
1417098
1417098
7461367
6802367
4282469
7318869
5024521
1417098
1417098
424496
3550954
1417098
1417098
8582258
952136
1667249
643856
1417098
3736698
1417098
5211620
344777
1753672
1417098
7390190
382848
2688096
6212179
7695394
6863740
1417098
1417098
1391861
9643203
3847100
3297390
1417098
5945562
7374836
1417098
7088374
942318
7169905
1417098
1417098
2208689
1417098
8834043
6682467
1417098
5274240
1417098
1417098
4222200
5718540
5837590
6002901
2178012
8687916
1417098
1163261
5407868
2077439
1417098
1417098
6546036
5315350
3122154
1417098
7311229
6599672
1769013
1417098
1417098
4567159
8807155
7973868
8029961
4512208
651063
1417098
667647
1417098
368363
7702291
4146412
1417098
6816014
7158936
2380943
1417098
229737
1417098
1417098
1417098
1781939
4961547
1417098
4377189
7601504
3399198
4959994
1417098
4033436
6279153
8954290
1957268
7095291
6953448
8047452
379569
9246696
1417098
1417098
1417098
4765754
1417098
1417098
4778247
7889674
8379763
2293805
7062513
1417098
846162
4763104
1417098
3586707
4209340
1417098
1417098
1417098
8269306
1417098
1527291
1417098
1417098
7197014
1436960
7762091
7144444
1154963
4692365
9112151
4204280
4999006
1417098
3680683
9377635
1417098
1417098
1417098
5365869
4204220
518068
1417098
1417098
9313695
1417098
1417098
1417098
1417098
1417098
4509794
5720010
1417098
1417098
1417098
1417098
8987337
1417098
2254118
5706970
1417098
6396277
6233275
6972529
6470213
1417098
1417098
1417098
1475408
7023106
7087561
7148689
6078978
1417098
1417098
3650235
1417098
2411312
7957804
1417098
7037328
1417098
2338209
1417098
1417098
1417098
8320494
1417098
1917263
6722440
1417098
1705326
1341757
8653199
1417098
4798472
1417098
1417098
6820716
597737
4537366
7744856
1417098
1277392
1417098
956519
5081669
4443298
9810955
1417098
6669375
1417098
9565805
1417098
1417098
7834277
1509803
3794445
2392029
4528100
9063666
1580758
215413
9740352
6852293
1417098
4293008
1417098
1417098
1417098
1417098
543475
5790330
1417098
9232675
1417098
2344170
9207685
3972627
1417098
2116333
7594201
1417098
4277473
1417098
53171
586874
3709580
5850706
8537307
8589588
1417098
2254146
9952782
1417098
5731243
1417098
7262875
6309007
5336500
9203999
8103371
1082679
1417098
1417098
1786188
3808672
134074
9053023
7713142
1879942
1417098
1417098
5888422
4407673
6151561
8383356
9522196
1417098
104880
3360063
1598046
6694291
545203
1521398
1417098
2848900
1184210
4259756
1417098
1417098
2373537
3567894
3847688
5081905
4037338
1417098
1417098
6411574
1417098
8445608
7903131
2823414
3701573
8116353
7553802
1417098
1417098
1417098
6678537
8842991
23979
6463861
1417098
9737213
7105704
377594
9764231
1981462
6396488
1417098
1417098
1417098
161505
1417098
1417098
7797657
1417098
1417098
3242263
4913740
5486986
5891154
1417098
1417098
8916400
1417098
6617913
7967
4623002
9871587
395416
5003324
7258213
4853189
1417098
9678888
4084737
1417098
9356700
4463955
1417098
1417098
1417098
8307969
8611358
1929134
4138492
5899578
6735400
5591154
7665295
1417098
1417098
1417098
1417098
1417098
7446263
9137821
361284
1417098
1417098
1417098
2496750
3464727
1417098
1417098
1417098
481679
5420387
3292376
2909499
1404845
5430076
6835675
1417098
2773533
7283776
1417098
3013604
2441104
7110732
3325066
7183451
4099519
1417098
1417098
1417098
1417098
1417098
1417098
5779227
3508088
1417098
2976021
1417098
1551746
1417098
6010870
7581831
1417098
1417098
1417098
1406119
1417098
1417098
1417098
2864584
1417098
1417098
6285436
1417098
45892
1417098
7014415
1417098
651077
1417098
4308237
1140957
1417098
1417098
8014677
8022147
5189869
7723899
1417098
271955
2299048
9898757
5352791
740997
8801373
1417098
1357020
1417098
1535941
1417098
5497731
5242154
5722081
7017011
1417098
3117798
4434055
4571314
9930174
1417098
1417098
1417098
492590
1417098
9882512
1417098
1364132
4814685
9292689
5998482
250506
1417098
1417098
7963261
1417098
1417098
7507511
7481487
1417098
5559462
8407137
1417098
1417098
5975840
1633787
543357
4994032
1417098
1417098
1417098
1417098
4760914
1174147
1417098
1417098
1417098
6288635
1417098
6075588
1613738
754322
6138030
3335433
1417098
3108247
1417098
1417098
1417098
353913
1417098
1417098
7846325
1417098
1417098
1417098
5624569
2390030
8291378
3878979
1907241
9139929
1417098
1245380
6814110
9426009
2727146
7387600
1417098
1417098
1417098
7134149
9274404
1417098
5423693
5284866
1417098
4330131
2859461
5547214
3669325
1417098
1417098
1417098
3455535
1417098
1417098
388859
3728546
7352228
7327275
