4559422
8951530
2877847
3448885
4559422
4559422
3968430
3627202
9274126
4559422
4559422
492056
4559422
4559422
7290941
2388968
6924500
1122289
6510299
4559422
4559422
3729357
4559422
1173338
6092284
7666337
4559422
4559422
2681636
1710112
1514743
1282167
4559422
2641767
2876779
4559422
4559422
772631
6543980
4559422
4824534
3426186
4559422
9663307
4559422
4559422
4559422
419265
4559422
4318371
7771567
8368950
6727312
4559422
8589775
4559422
1770474
1542431
2744008
6202164
4559422
546369
4559422
4559422
3026902
8647967
4100627
4559422
4559422
4559422
245540
4559422
4559422
4559422
4714385
4559422
4559422
3822379
9698323
1114146
4559422
7099315
4559422
5464041
4559422
4559422
2464194
963908
7032245
7035609
4559422
4559422
3372137
4232910
3379603
2081789
4559422
4559422
4559422
4559422
9350089
4559422
4559422
7988171
7845421
4139865
7898934
4799469
7755351
4319973
4559422
6337959
7115343
4684725
3018964
3185457
4559422
303398
4559422
4559422
4559422
4559422
9067475
4559422
991785
3329268
517597
4559422
4559422
9450222
4559422
3373716
4559422
9769494
4559422
4559422
5845417
783921
4559422
414947
4648625
9522163
630878
3557350
4559422
4559422
4559422
2432117
1510856
1901805
7672315
3533714
4559422
58838
4448072
9745261
542266
5957042
8128783
3836463
4559422
9926154
2573822
7960373
4559422
1267572
3210176
4559422
4559422
1113617
6758846
5843251
7870539
8773124
4559422
3000064
8523050
4559422
6286205
4559422
4559422
4317767
4559422
4559422
7185179
4559422
4559422
2158714
6059749
1764395
4559422
4559422
4559422
4559422
4559422
564353
9240176
5961301
9659021
4559422
7193009
9450602
9079437
5847304
4611425
4559422
4559422
4559422
5913227
7847337
6455187
4559422
4559422
380931
4559422
4559422
4559422
6095381
4503192
330442
4559422
4559422
7206382
4559422
1952226
4559422
280359
4592116
5272825
4559422
7300319
8457164
1690855
4559422
4559422
57664
4738203
958813
5989413
4559422
5686885
4580771
7491648
8924447
4559422
9816325
9696870
4176439
4559422
3426849
4559422
3289418
4606217
4292663
1670814
4559422
4559422
4559422
4559422
3075440
4559422
1305823
4559422
2132261
4559422
4559422
4559422
4559422
4559422
1765086
7522225
9652
4559422
9490878
4559422
8662298
4420609
9392856
4559422
5431629
4559422
4559422
4559422
4559422
8914758
1376353
4559422
4559422
4559422
4559422
8262496
4559422
2517175
7243658
4559422
3940792
8312234
4559422
1386777
8941990
5155894
4559422
3494156
829257
5065392
8579735
7142661
2003262
4559422
4559422
4559422
4559422
4559422
4559422
8365811
9989469
4559422
4559422
7059440
4559422
5015306
3592575
4559422
4559422
4559422
994797
4559422
4559422
4559422
2966086
5839208
4559422
6113266
4559422
4114620
6506208
7994940
8609985
4559422
4559422
4559422
7121055
4407815
1428342
4559422
9125506
2181024
9370447
2471260
6976831
4559422
4559422
4559422
4559422
5931316
6022386
8895698
1782412
6028755
5170787
4609523
6624815
4559422
1719235
5105104
9690546
4805124
8143955
4559422
4816439
4559422
4559422
603305
8732253
4559422
2451876
3072114
5896129
4559422
4399048
5959926
4559422
4559422
5778575
734722
3297705
5397989
4559422
4479962
4559422
7417408
2307636
4559422
9517493
4559422
2140525
4619711
4711823
977331
4559422
2844090
4559422
4559422
341196
4559422
1060142
4559422
4559422
1512822
8173630
3997540
8612226
4559422
8441696
3191757
4559422
2337723
3091046
9116284
8232165
6517330
9727714
5606119
4559422
4559422
7977863
5266704
4559422
4559422
4559422
4559422
1188648
9157197
1633935
1296571
4559422
4559422
9407930
8925013
4559422
4559422
4559422
4559422
1715366
7286883
5819438
8536032
4559422
4559422
291737
4559422
9640700
2408075
3913939
6374024
3509737
929754
3088954
4669912
2793358
9715315
6635144
8117088
6802609
8217592
7159616
4559422
4559422
2466926
4559422
7505429
3701763
9634952
4559422
3593907
3081396
3976438
7842307
4559422
4559422
4559422
4559422
4559422
4666432
2447558
9975897
4559422
8769379
7982685
1266784
4559422
8838012
7544093
4708915
4559422
1122417
4559422
9082342
3292459
5397029
