2059914
8454768
777587
1173840
5525177
2059914
4689054
4022606
2059914
3265300
5727114
4392580
1336277
5014627
2059914
2059914
232831
2059914
4677344
2059914
7418359
2059914
4726977
1843552
6535652
2059914
7058195
4391045
7270208
2059914
4071504
2059914
2059914
4737042
8863533
2059914
4039753
2059914
6080247
2059914
7804981
206034
2059914
3092093
2059914
2059914
2970783
2697184
9927518
4155950
2059914
9268245
1241541
6976127
2059914
3788722
606338
7240793
1701898
2059914
2059914
5420256
2059914
1413380
2059914
9546003
5824567
2059914
2059914
1337366
9134011
2059914
2223892
485569
2059914
2059914
4286406
2059914
2059914
1028938
6222908
683344
2059914
1096301
2059914
5515708
2059914
8291146
1014023
5071289
6635218
5763191
6799667
8303714
2059914
2059914
2059914
2059914
6283161
8256253
2059914
9567023
8083936
2059914
7390079
6314380
2059914
3650700
2059914
2059914
4407918
2059914
2059914
4510537
3901163
8694011
2499812
2059914
2059914
2059914
2059914
2059914
6873442
9910443
2584368
5889755
6036927
5206483
2059914
2059914
2059914
7577969
8320048
2059914
2059914
2938260
1935183
3353223
2059914
8726016
2059914
2059914
8767740
2059914
4900660
3336698
2059914
2059914
9975513
2059914
6262630
2059914
2059914
2059914
3457243
5604561
7589667
7910621
994450
6991538
2059914
4989975
2399029
9276573
8203507
2255684
9354857
9448120
2059914
4503475
2059914
7960569
2818306
7271113
7178637
7647589
6030524
2059914
3815550
2291588
936611
2059914
3060835
2059914
5846793
9271650
3943081
2059914
4443709
1053405
5657801
6668134
79368
2059914
2059914
2059914
5027136
6806747
2059914
2059914
5406117
3703720
2059914
3257071
2059914
3088100
2059914
2059914
918081
2059914
6377117
6249344
2059914
8107342
1960820
3174532
9555898
7068383
2059914
2059914
2059914
2059914
5026942
4265550
9949702
2059914
2059914
8288444
2059914
2810375
2059914
2059914
2290636
2059914
2059914
2059914
2059914
945781
4192328
862764
4516775
2059914
5759671
2059914
3757893
2059914
6888852
2059914
2059914
1726006
2059914
4594012
5257769
3282570
2059914
565911
6253516
8495794
1777250
2846039
2059914
2407556
2901738
9025630
9216111
2059914
2059914
8646137
6974886
1175307
2059914
2059914
4095195
2059914
567680
3155484
6248429
6672401
8377599
7984209
2059914
2456294
9332936
1674854
2059914
2059914
2059914
2059914
1452854
2059914
1008116
5640573
8196431
5822592
1398282
8043768
2059914
2059914
2059914
377929
682428
6023892
2059914
8226198
2059914
2059914
2059914
2004306
2059914
8213482
6815595
2059914
2059914
2059914
2059914
1298054
3081453
2059914
9780146
2059914
9449970
2059914
2059914
3351766
137868
2059914
2059914
5863701
2059914
4071129
3891555
5130885
470545
1617740
2059914
2059914
2975744
2059914
2059914
4624440
8816559
2059914
2059914
2059914
6712450
2059914
2059914
2416180
334147
3611107
2059914
6703563
2059914
2059914
2059914
2059914
4726165
2454773
2059914
5332912
2628625
2059914
2059914
6193179
2059914
2059914
2356458
2059914
2059914
2059914
557395
2059914
6218758
5809296
2059914
2059914
2575604
2059914
9517633
2059914
941772
2059914
235327
2059914
7670215
2059914
3204150
3357224
2059914
982042
4924961
3050680
2866548
8894458
7630612
2059914
5073645
6839172
4822402
2059914
2059914
2487194
649794
5565559
3788785
2059914
2059914
2059914
2059914
6131744
1849442
2059914
9174329
1858329
2059914
2059914
2070532
4081276
6698975
6728154
2059914
7417695
793627
8288014
7039740
5743179
2059914
3289094
9607787
2059914
2059914
4728849
2069485
6239518
2059914
7346126
3814651
2059914
2059914
6852433
2059914
6301707
4566335
8627252
9496144
5878903
2059914
6970796
8799698
6497501
9924045
2059914
2080711
2059914
2059914
2059914
9909784
1213800
2059914
2059914
3306713
6843483
3203425
2059914
2059914
2059914
8491552
921594
4379293
2059914
2198246
6249494
4833861
6528736
1126774
9835894
4533508
2059914
2059914
6000655
2059914
2059914
2059914
2059914
722882
2059914
5577702
2059914
2059914
2059914
4336997
2059914
2059914
8069776
4396347
2059914
2059914
2059914
7637978
2059914
2831961
2094953
2059914
2059914
8208068
2059914
7653069
2059914
2059914
3616209
7462877
2059914
8382253
2059914
4073125
4564827
2059914
8778775
2323590
4894172
2059914
2059914
471513
2059914
8708857
4640952
7800411
1682379
2059914
820894
5897496
774704
2059914
2059914
2059914
2059914
2059914
2059914
2059914
548477
3127009
8717401
1992224
2059914
2059914
4411547
2059914
2421351
7490201
2280459
8462816
9032528
2059914
879486
6816887
2032121
2059914
1282399
2059914
8871607
6384633
8600417
938381
4741035
4546599
2726566
681336
7705289
3680322
890450
9938610
2059914
2059914
7860400
8789008
2059914
2059914
2564178
1534453
2059914
930928
2059914
532349
2059914
2059914
2059914
1495547
5907845
471071
2059914
6213210
5750315
6845980
1696298
5542947
2059914
3966363
8732959
1214359
779575
2059914
2059914
1696310
5720251
9509992
1174914
2059914
2059914
2059914
5040899
2059914
2059914
5750836
2059914
2059914
3644252
7450568
2059914
864453
8356644
167382
8152471
2059914
4438696
2059914
9630837
3189794
2059914
4667023
1906216
2105493
869112
2059914
2059914
2059914
2059914
8936303
2161632
2059914
2059914
4783965
4581607
8233322
2059914
2059914
7517270
2059914
2846810
4026927
2059914
923862
6954026
2059914
2059914
2059914
8464624
2059914
8757285
3564970
4171404
2059914
4450294
2059914
8932193
2059914
9468948
6750348
2059914
2059914
2059914
3633699
880373
5718526
3064080
4046695
2059914
2059914
8372077
2059914
5380167
3028896
2059914
7010073
2059914
3123465
4167472
3786242
2059914
2059914
8051350
2059914
2059914
2059914
9013513
906594
3148696
4013323
2059914
290063
3031428
2059914
8017875
2059914
2059914
4649121
1095275
5480583
5956684
5361365
7320587
5480518
7739855
2059914
9071118
2059914
997443
6842432
8253415
2059914
2059914
2059914
642420
2059914
2059914
2249219
4059649
8273553
2107061
6277432
5290826
2059914
2059914
7634813
3538821
2059914
2059914
2811000
9433865
2355771
7848229
2059914
2760052
8532882
2059914
2059914
2922234
8841934
2426673
2534253
2059914
5589056
5470848
2059914
2145037
7877406
2059914
2059914
2009387
2059914
4151307
2059914
8681198
9237752
4789565
456622
8396257
9700047
3634290
3749167
2059914
6327973
3199597
2059914
2059914
2059914
2059914
6716642
9576870
2059914
6362103
4016844
5787704
6249395
2920072
6908497
2059914
3960278
6075566
2059914
2059914
2059914
4752427
4667889
8845145
2059914
7008051
7760379
2059914
3684478
5376263
2290354
88061
309198
2059914
2059914
2059914
699944
2059914
9346512
6778131
2059914
2059914
6386885
3171569
2059914
378522
2059914
2059914
2342851
9147445
2525695
5277174
3722135
2059914
2059914
2059914
1325583
2059914
2059914
9375263
2059914
9341013
3252066
2059914
2059914
2059914
6151691
2059914
2059914
6862258
2059914
559508
2059914
3904957
5821361
9922902
8991690
2059914
2059914
2889241
3763193
9488993
9920543
2059914
9093514
2264794
2059914
4313735
8176069
2059914
8150740
2059914
2059914
6869259
2059914
2838448
7981369
6094997
2059914
591731
2059914
2059914
8170554
7808297
6512389
3955152
2274745
2059914
7336982
2059914
2059914
2059914
3278753
314807
2059914
2059914
7119453
3633161
793834
1873880
5396785
6010705
564179
6413299
2059914
4238711
6604482
3912747
2059914
2371474
2059914
1438349
2059914
4802680
5526536
8914759
2059914
348812
2059914
6008781
2059914
832701
2075381
11107
2059914
2059914
2059914
6227489
7971078
6628724
1329453
642430
4301455
2059914
8764785
2059914
4433159
3727529
7839978
9644372
969765
2059914
5516590
2059914
2268413
2059914
5474067
2059914
1738035
2059914
59960
2886042
6048631
2059914
9439663
923016
2059914
9770265
2321165
97935
5962217
2059914
2059914
4250811
2674473
9055605
9368283
1610792
1010084
2059914
1225775
2059914
5749442
5787401
626862
2059914
1633942
1090097
889853
1093081
2059914
2059914
2059914
2059914
9158594
2059914
2059914
9274883
2059914
2059914
4378942
362383
2059914
2059914
2059914
2059914
2059914
2059914
6107641
978884
9019314
4368188
3932380
2059914
2059914
2059914
5376922
3201396
450863
7779
2059914
2059914
4005838
2059914
3668572
7726903
6899036
2583232
6488132
2059914
2059914
3333633
3625607
4752815
3708926
9546057
8088215
2814773
3504731
3852727
2059914
2059914
6189813
8411191
7588986
5541370
2059914
2059914
2059914
2740331
2059914
8845896
2059914
2059914
2059914
9094809
262619
283225
7843262
2529321
176121
6280979
2059914
9706743
6965187
2059914
2146385
2059914
6021211
2059914
7566457
2059914
7202485
2524814
3434145
6845675
2059914
2059914
2059914
5391130
2059914
133773
2059914
108475
2059914
659722
5949452
2928523
9891124
1259928
2059914
2059914
2059914
8406677
2059914
2059914
2059914
9826201
2059914
2059914
5564446
9560263
1398205
8243158
2059914
2059914
7230578
2059914
9746190
3140480
4773457
2059914
2059914
235984
1965826
5991866
3929313
2059914
6743565
1217728
2059914
6626126
2059914
2059914
1326352
391640
3261912
2059914
5672029
2059914
8404994
2059914
663198
2059914
3978026
2059914
2059914
2059914
3848864
2059914
2059914
6166449
2059914
784367
2555041
2059914
5379368
2059914
2059914
3453614
2059914
7165640
2059914
2059914
6881540
5737869
4537648
2059914
2059914
213879
2059914
40223
8642493
2059914
2059914
4344241
3302002
192176
3341948
5326130
2486237
6293877
2059914
8620704
5941981
9775582
8137984
2059914
9754413
2059914
2059914
2059914
6041080
6812158
2059914
8058560
5297397
9394639
4572353
4884844
5126363
5299283
2059914
2059914
2059914
2059914
2059914
2059914
2059914
2059914
1696582
2059914
6905787
7876563
2059914
3699423
5123125
1039332
2059914
2059914
1390732
6230056
2059914
2059914
6677083
2059914
5736043
8092190
8782982
2059914
2059914
5165318
3676303
9295746
7274680
2059914
2182284
1642443
2059914
2059914
3029669
2059914
3195344
2059914
3480617
2059914
2248957
2059914
2059914
2059914
677530
5023787
8192403
463082
2059914
2059914
2059914
3063587
8613374
2059914
2059914
2059914
2059914
2059914
6079063
1473146
2059914
6344277
2059914
9101972
3294192
5436714
2059914
2059914
2059914
9438437
7519932
563899
306283
4470281
2059914
2059914
6736642
6237500
824758
2059914
9113384
6964047
9111733
3247344
2059914
4280814
708485
5312233
3854250
8215514
9396161
2059914
2059914
84750
2059914
585818
2059914
1913558
2059914
9178387
2059914
7187474
2489449
2059914
2634482
2059914
2059914
7879749
5360654
2059914
2059914
5090450
9246625
2710048
4016048
2059914
2382246
2958906
720474
2059914
1470644
2059914
2059914
5797990
2059914
2059914
1743405
2059914
6254179
7072234
2059914
2059914
1187593
2059914
9509762
1860769
2059914
7492021
2059914
1304529
2059914
2059914
9700452
6723537
2059914
2551845
8365407
2031466
2059914
9944695
111089
9917189
2059914
2059914
1050225
2059914
1380812
1635019
724430
8089204
554007
2059914
2059914
2059914
2059914
2059914
8758687
2059914
2059914
5656619
2059914
2059914
8254012
4215289
8799390
2059914
2059914
2059914
2059914
9654499
1325171
8855486
7282276
2059914
8657865
2059914
4165019
9117879
444598
9377132
3008621
3840736
616491
798378
2059914
3261526
2059914
427296
9461267
2771272
9511410
8168088
9166314
2059914
2059914
8477401
2059914
2059914
5783496
1554665
9175064
2059914
2999394
6897187
7078028
4911629
7998954
6409402
6179073
2059914
1069387
6104863
2059914
2059914
2700646
2059914
3048715
2059914
2956053
2059914
5099492
7190727
2059914
2059914
2062334
2059914
2059914
8957094
8326275
2059914
7359941
6726485
2059914
2783156
9694066
2059914
4513179
5763422
6711489
1311985
6967260
2059914
2059914
6067866
2059914
4819231
2059914
2059914
2059914
2059914
2059914
2059914
2059914
2069542
2059914
2895114
5452374
3118707
3734241
3396462
5283691
2059914
2059914
9937369
7938573
2059914
4670438
2714520
7767219
4840458
4471860
6759137
2059914
2090146
4208075
3020495
6334004
9637107
2059914
5650152
8207855
3146931
2059914
6705670
2059914
329250
170003
2059914
3407369
5852261
2059914
2059914
5436152
9271042
8316531
3849674
6828212
2059914
2112991
4476471
9837666
1412011
6106828
7485945
1830941
2059914
2040424
4931120
5933098
595631
9732469
6455541
2059914
2059914
2059914
2059914
7041900
9208968
8046801
6667643
2059914
7975700
2059914
1493559
5411737
2059914
2394741
2059914
1562860
6884831
4409647
9059218
7319080
1835652
7808566
2159743
2059914
592915
2059914
2059914
2059914
2059914
2059914
6389322
6872821
2059914
1461478
2059914
8760029
8131351
973148
6095848
1505546
4489642
3290158
305415
8517819
4842766
2059914
4217410
8683196
2059914
962566
2059914
2059914
8335384
2059914
7472516
2059914
2059914
2059914
2059914
4290122
2059914
2059914
2072016
6568587
2059914
4226783
1366118
4109394
6283171
2267050
3018707
3111790
8851318
1080320
2955208
2059914
6018336
2059914
2059914
1402140
2059914
1088278
2059914
1967463
7728176
5179621
2059914
7178859
2059914
4340591
3468663
6830904
2059914
1194557
1323909
2059914
7471165
427826
2059914
5535399
2059914
5276185
9168209
8842726
2059914
3038736
7163615
2059914
6647665
2059914
2059914
2059914
2059914
2059914
2772355
6042913
4824050
9325742
2097286
626170
4213939
8771800
440798
5730650
3383430
2059914
4933709
2894770
3804909
4875089
1058299
9070083
8945219
3847072
368232
2878467
2059914
2485149
2059914
6781308
3811343
838291
6853988
6848477
7052115
186359
9034132
716180
2059914
2059914
7708278
6956240
2059914
7318879
4444362
2059914
6292983
2323029
2059914
1242683
4172585
1910751
8678700
3928166
8500328
7272451
8238970
5230941
2059914
2059914
2059914
5165349
1282419
7924206
1071925
2059914
1724978
7690527
2059914
9358686
6366575
9821783
7510303
4892060
2059914
2059914
8483641
1659662
7350082
54213
8878991
6599488
996178
2059914
2059914
2465135
4224727
2059914
306233
2059914
841602
2059914
2059914
2977130
4152006
1909785
2059914
2059914
5397990
8777668
5917342
2059914
2608997
2059914
4217444
2059914
1111280
6857194
2059914
2059914
7914377
2059914
4553630
2059914
2059914
4598542
2059914
6464692
6866379
4961642
732733
5519888
4434522
5242532
2059914
2059914
2059914
580403
2059914
5413461
9012301
5528110
9026517
6469806
6985974
7222835
5770052
2059914
2059914
2059914
8303745
1653895
2059914
8203305
4560567
3897845
3048789
8968263
2059914
9274927
2059914
2059914
6943841
5782071
8372870
3093319
6237298
9152211
2076006
1629200
475188
7097853
1675289
2059914
2059914
2059914
8764439
2543014
4305994
2059914
2059914
2276246
2076557
7898448
9627835
6066905
2059914
2059914
2059914
2059914
3909440
285259
95193
2038357
2059914
2059914
2059914
2059914
2934098
4822440
2059914
7452208
1606375
2059914
9507752
2426523
5991266
261050
8537665
7607556
9025253
2059914
2059914
7480794
2059914
6094694
8559885
4669670
2992277
2059914
5278616
2425987
5235940
2360983
2059914
2059914
7310239
2059914
1557588
2059914
729769
465153
2154413
2059914
1760350
1461288
2396027
1563414
2059914
2059914
8800036
615203
2059914
282671
2059914
6067449
4327754
8068615
1647012
2059914
28598
7525792
142625
4877753
5032893
2059914
2059914
2059914
4231066
4980575
8943418
8471530
9178421
2059914
2059914
2059914
2927855
5214986
2059914
5624313
2059914
2054238
4114655
2059914
2059914
2059914
3874855
843979
7731180
6149244
4824657
9913546
9936031
7782855
8932000
3241846
7783453
2059914
1525684
2059914
7660762
2059914
2059914
5229303
2311137
4469015
2059914
1611944
2059914
4219246
2059914
1645868
7238722
2059914
2059914
2059914
7739551
2059914
2059914
8475551
6088668
3140812
1387419
5470214
5011100
2059914
1595874
2059914
2059914
2059914
2059914
2059914
3058075
8119474
8502644
3184808
2059914
5343182
2059914
3823249
2059914
2059914
4073020
2059914
379805
2059914
6293210
2059914
2162159
6492001
5358409
2059914
2254193
389483
4137950
2059914
6660615
2059914
2116000
1605344
4391098
4238394
2059914
2059914
2059914
5701788
2059914
9235936
2059914
7888022
4378209
8603524
6115614
2059914
2059914
2059914
3245482
2059914
2059914
2059914
511121
2059914
2059914
2059914
3444012
2059914
7047243
2059914
2059914
2059914
2059914
497810
2059914
7331804
2059914
76880
8195922
2059914
2059914
6337777
466357
2059914
5515106
2728058
9973835
835507
6563505
8132233
3835256
5727804
2059914
9164873
2059914
1380378
7572849
2582922
9189882
1866798
2059914
2059914
5081427
2059914
7588900
3558889
634263
3692964
8128592
2059914
4387516
2059914
2059914
2059914
2059914
8242694
2059914
2059914
8259026
4235023
8980757
2059914
2059914
2194746
2059914
2682783
2059914
6277063
2059914
2059914
9373847
9362633
7934212
1957378
2059914
5583059
5771030
1807712
5007198
2059914
2047846
2059914
9841073
7960676
2059914
3609464
8369862
998265
9213336
7668524
9124746
2059914
2020412
6559271
9468141
6303049
2059914
2059914
2059914
9278958
4973954
1622848
5975742
2059914
1183612
2059914
2059914
6885063
2059914
2059914
2059914
3586718
973877
2423173
8202383
2059914
8574828
7056303
2059914
2605291
2059914
9327004
1989927
3948527
2059914
9401353
4142206
2059914
2806672
3093077
7497917
2059914
2059914
365618
2931548
2059914
5804910
9204765
2059914
6661574
325971
2059914
2059914
2059914
2059914
2891395
4278444
2059914
2059914
7873145
2059914
2059914
2059914
2401468
9022148
7504169
4392239
2059914
2059914
2059914
2059914
2059914
9366207
256857
1190539
7295749
2059914
2059914
8994075
2059914
2059914
2422768
3578931
4084918
2059914
2059914
2059914
3106132
141687
2059914
2059914
3123661
2059914
2059914
1127165
3203562
2059914
7606244
5494832
3227897
9328053
3905440
2059914
7462277
6543177
2774748
2059914
2059914
5896207
2059914
2059914
4986988
5638398
2059914
2059914
2059914
2059914
2059914
2059914
5764040
401736
2059914
2671419
2059914
7443494
6366293
2059914
2059914
2631085
6022919
9727459
2059914
6711891
2059914
1964085
2059914
47665
2059914
2059914
5461443
6840056
1140375
9466057
183844
2059914
5079971
9500987
853049
2059914
2203216
2059914
2059914
8572411
1898204
2059914
3121902
6347885
5494059
2059914
4379856
2059914
2059914
3978395
2059914
2059914
2059914
9048175
2059914
7129006
3180702
1457854
2059914
5601850
3631155
2509703
2059914
6275839
7428243
9369783
909475
2059914
8854800
2059914
5866475
8536939
64802
2059914
6596398
2059914
287379
2059914
2059914
5879864
2289998
2059914
9628987
5752669
166083
2059914
3898256
1605235
2059914
3202569
2059914
2059914
2059914
516218
3721236
7285732
2059914
8446866
9261917
3712286
860567
2059914
5017136
2059914
5785890
5037392
2059914
2059914
2059914
2059914
3834421
4680455
6037340
2059914
6419182
2059914
2059914
2315308
7986000
8575387
2751767
710488
9766964
8657548
5296524
8486487
5938582
46127
3592066
2059914
2059914
5035584
6476835
37362
9227402
2059914
4209404
6901373
9819501
5541356
6003888
8935135
7769682
5394799
2059914
2059914
2059914
2059914
2059914
8604595
2059914
179489
4935299
2059914
2059914
2059914
2059914
532825
2059914
2059914
8865044
2059914
5243417
2701122
2059914
6593674
6620786
2059914
2059914
3296597
4203525
3132197
2059914
1152005
2059914
4206219
5321542
9824652
2059914
4182787
7509492
5473865
9120330
2208252
1653352
3997805
8841027
9003952
2059914
2059914
5355416
2059914
4161498
2059914
2059914
5467087
5210601
2423909
2059914
2059914
2059914
6131446
7030084
8056404
2059914
5712996
2059914
2059914
4910606
2059914
2059914
7875462
2059914
2059914
7011282
5435746
7896170
5761615
9092198
8515063
2712462
4776620
2059914
6041134
1349741
9261689
2059914
2059914
5368831
2059914
7547340
3413801
7877871
7216756
2059914
5768125
2059914
6191637
8874485
2059914
2059914
9520264
557877
1241312
3845480
912417
1994630
2059914
6838848
9514245
1521313
65603
6114400
2059914
9662909
5104901
7216795
8434363
2059914
2059914
7587331
4969555
2059914
6065383
2059914
1399300
7273996
2059914
2059914
2059914
5032882
2059914
9807591
8005061
2059914
2059914
8699696
5007259
770863
2059914
2059914
2059914
2893999
9369340
7151849
3203558
2059914
736108
2059914
7585498
2059914
2059914
2059914
2059914
8455970
2059914
8408394
2704022
2059914
2059914
1572134
4086496
6437533
2059914
2059914
4247793
5419635
1109898
2436986
4285803
2059914
7021736
1255148
2059914
1003137
5923116
9327666
2059914
2059914
733998
1713437
7095679
2059914
8032328
9942041
6319049
2059914
2059914
4349506
6208293
5005276
2059914
4112678
2059914
4758397
6365313
8650456
2059914
7055001
7686407
2059914
7272320
7084604
5168369
2954079
2059914
2059914
5304033
2059914
2059914
2059914
2059914
2059914
2059914
4670193
4661585
2059914
2059914
818330
2059914
1995804
9045851
5559024
1561418
2059914
2059914
2059914
9073001
7249413
2059914
4919369
8337464
2815267
2059914
4692087
391264
2059914
3900939
2059914
5694986
2363587
1881650
5183005
2059914
2059914
3194563
2059914
2059914
5861662
28093
3437566
2059914
54397
2059914
2059914
6070057
6898133
2059914
2059914
5169477
4745486
2059914
7806997
9188521
2059914
3318327
2059914
6604123
2577427
6620450
2059914
8357463
6960401
2059914
2059914
3821588
2059914
1535608
2059914
6929236
2685935
6524088
375566
6233195
2059914
2059914
2059914
2059914
1531514
2059914
9775476
2226354
6897103
4087680
8118956
2059914
2059914
2059914
6308916
573925
2059914
5254531
8418972
2059914
5889247
2677901
2059914
4278525
5496262
8977503
9141044
1783799
9570551
3879106
2059914
5508944
1820845
6967295
3503477
111948
2059914
7529457
2059914
2059914
6383462
7284001
2059914
858561
2059914
7027246
2094895
2059914
933394
3774935
9580104
6548461
8314824
8542811
2059914
1752762
5642062
5217333
2873401
2059914
2059914
2059914
316771
6165177
1555435
6778663
4809383
3169694
3561876
4684976
8100943
8385558
2059914
2059914
3755618
2059914
2059914
2059914
2059914
4191412
2059914
2059914
4466511
6520775
2059914
4724981
2059914
837483
2059914
2059914
2059914
2059914
312516
2059914
3029798
6301022
3360876
4297549
7637719
8706708
2059914
2711333
2059914
3911843
2059914
4643584
5461393
3824840
2059914
2059914
2059914
2059914
5726852
3502972
4228073
7525401
5519373
2059914
8072627
810417
2059914
1834807
9003370
1727027
2059914
1500809
5361406
6384003
2059914
3040357
2059914
5077156
2059914
2059914
655396
1128437
7975158
3419614
9252650
2059914
9784765
8241087
2059914
2059914
2059914
7305555
2059914
2059914
1736961
92334
8738435
2059914
2059914
9780664
3640245
4336015
2059914
7998503
8430460
4083902
2059914
9787781
2301300
780027
8375304
1416389
119146
2059914
5854945
3043105
2059914
2059914
6482408
1246643
2059914
2323099
2059914
2059914
2059914
2059914
2059914
2059914
2059914
4657357
8102928
2059914
2059914
1416322
7750835
9364458
2059914
2059914
3780826
4324034
2059914
4510079
2059914
3730733
6831948
953435
3775762
5090401
5039259
3035770
2059914
4558628
2059914
3094494
8490257
2059914
5223983
2059914
1120101
2159559
2059914
283095
7098798
1533978
3020244
2059914
2059914
7292211
2059914
8419069
7864340
427456
4438562
2059914
7443980
2059914
2059914
2059914
758399
120185
2059914
6650986
2059914
528727
2059914
1489156
2059914
2059914
9302066
8191462
1447448
8023687
1143103
2059914
1938150
365788
2059914
7496205
2059914
2059914
5082051
2059914
2059914
2059914
2180445
8811633
2059914
7446792
2059914
9058815
2059914
907837
2059914
5563368
2059914
4206671
680158
2059914
2678897
9868278
2059914
7955920
2059914
526624
2059914
4920037
928906
2059914
2059914
2059914
2059914
2059914
2059914
617074
3451972
2059914
3991946
2059914
2990891
2059914
4825333
2059914
2059914
2059914
2059914
7814252
7397612
2059914
7016325
5887162
7423107
7575216
1010636
2059914
7757910
6651744
2059914
5899734
1550060
2059914
2059914
2059914
2059914
8090989
8518075
2059914
2059914
3723104
8824551
2059914
8017981
6878144
168107
7160889
3732241
2059914
2059914
6047027
2059914
2059914
2059914
2059914
3091617
6235093
5114420
5785542
1654956
6980797
2059914
2059914
1095110
2059914
2059914
7346486
6258008
5092853
2059914
9814094
8426992
9540683
2059914
5153724
2059914
7181788
2059914
2059914
4579794
7048708
2059914
2059914
4942487
2059914
2059914
2059914
8278455
6460803
2059914
5591014
2059914
2068205
2059914
4844728
2059914
2059914
5541070
7102003
4433369
2059914
162524
2059914
2059914
2972850
1573256
2059914
2059914
7823189
2059914
1669446
4002742
2059914
753169
7585403
8682781
2059914
2059914
3839183
2658339
2059914
3249416
5436062
2059914
3185994
5091786
2059914
2059914
5029762
2059914
5570520
2128708
9003794
2059914
1850465
7758895
2059914
2059914
2059914
2059914
7088029
2059914
4370216
149401
2059914
2059914
1869547
7897666
1378585
2059914
2836331
2059914
2059914
4760309
2059914
2059914
2059914
8091119
5099303
4806147
58890
2059914
2059914
767851
5734401
6106571
9574092
3221587
2059914
2059914
7420520
2059914
2891569
9768316
2059914
2059914
7327854
7297061
4606747
2059914
1375882
8582836
8580989
5520261
2059914
9045446
2059914
7180839
2059914
2059914
2059914
5910246
3893782
4275782
2059914
1978111
443836
2059914
2306984
5762780
9343973
1252230
8464159
2059914
1329595
2059914
1709974
9049379
8120135
8491398
2059914
3228629
2059914
9169473
3756112
7263335
9015323
2864979
2804138
2059914
2999470
3649900
2059914
2059914
2649098
3606518
4289056
6047392
9022025
8859849
3618458
2059914
2059914
3852218
2725032
9949796
1609338
2059914
3876152
2184586
2059914
7858521
8457995
2059914
1628444
5056738
2059914
425958
9149473
2059914
1582291
2098711
5080802
9479956
6568924
2383061
3949761
4820412
2059914
2059914
4805216
2059914
882027
2059914
2059914
2059914
9905353
2059914
2059914
7608587
602597
2059914
2059914
2059914
2059914
5705039
2059914
493441
1930849
8758343
3575953
5818834
1919834
235676
7171644
2059914
2059914
2059914
3508194
3840456
2059914
2059914
6261429
7853865
679958
2059914
2100661
9747092
2059914
2059914
7782200
8203587
2059914
2059914
2906115
3430372
2059914
4130709
5622222
2950871
5380492
5808744
513423
2059914
2059914
2059914
2059914
6185411
8177690
5028189
5445361
2059914
2059914
6457191
2059914
4931173
2059914
1470445
8654504
2059914
2059914
2059914
2059914
2059914
2059914
8977167
9102702
5377858
2059914
6627918
2059914
1547817
2059914
8191882
2059914
7937674
2059914
2059914
1591286
7033649
2059914
2059914
9667770
883485
4418139
9644634
4824706
2059914
2059914
2059914
9165901
3775238
270031
6683602
2328220
2891750
9982091
2059914
2997586
8793476
2059914
6985373
3782096
2059914
2059914
2568883
2706970
2059914
8504860
2059914
3200247
2059914
772568
2059914
2059914
2059914
7394919
2059914
2059914
7392349
2059914
7941136
7099166
5247626
2059914
92393
8808032
1174317
2059914
1010311
2059914
2059914
2059914
2059914
7902351
2059914
2059914
658671
1572260
8472894
354919
9303792
9571228
2059914
2059914
2059914
2650303
2492563
2769151
2059914
7362903
2059914
2059914
2059914
2059914
2059914
3572148
2059914
2059914
7121590
2059914
5502143
2059914
2059914
7630727
8291940
885390
7524115
9664192
2059914
2059914
5598548
2059914
872968
2059914
2059914
2107342
7342651
2059914
2059914
636613
4595716
3165280
111904
3247091
8945614
2059914
4301580
2059914
2536229
2059914
5172465
194339
9395272
2059914
2059914
2059914
3152426
2059914
2059914
2059914
2059914
2059914
2059914
2059914
2059914
2059914
8119962
5569785
2059914
2716517
8363307
5914110
2329651
8624378
2555892
3945815
8874539
1656242
5674860
7477962
2059914
2059914
8006107
2273560
2059914
2059914
8035566
4058737
2059914
1655470
5092206
1362777
2059914
2059914
9215393
3790373
1676317
7069187
2059914
4266311
2896680
629515
6774120
3078313
2059914
2059914
2059914
2059914
2059914
9366050
3152455
143107
5874943
2059914
2059914
4175302
9740380
2059914
8454843
7551793
2059914
6322174
3409783
2059914
2059914
2059914
2059914
5676675
3882752
1667183
1887692
3115306
2059914
2059914
5916708
2059914
2059914
3135114
3312294
2059914
5884083
2059914
4713859
9893486
8923280
3020188
6883496
7523670
2059914
2059914
8194225
6020123
8123243
229930
8337633
2059914
9799437
5000962
5377152
4497388
7020258
2059914
2059914
9274264
2059914
2059914
2059914
9595064
4684945
2059914
7393132
2059914
2059914
2059914
1461386
2059914
2059914
4072583
3717228
2059914
8360547
7041735
6719600
1085739
2059914
2059914
1104716
1671655
2059914
2059914
7634259
2987406
1012476
2212361
6901896
6704086
7961784
2059914
2059914
7373831
9835356
2059914
9221924
1517109
6707819
2059914
9177068
2059914
5848011
2717984
8350847
6747932
2059914
2059914
9888660
7749158
2878338
2059914
5389818
3909616
2059914
2059914
2278777
2059914
2059914
2059914
2059914
7254891
8921999
38613
2059914
4023878
8446379
7774911
3641557
2059914
3346044
311908
9945894
2059914
2059914
2059914
2059914
9532357
9989977
1000661
3212314
9406042
2172785
1051298
6219419
2059914
5051960
9429378
2059914
1887537
7479495
2059914
142857
8369996
2059914
2059914
634627
4733614
7143086
392388
6443281
2853082
9127564
2059914
2903981
4520283
1306596
2059914
2059914
2059914
8730553
2059914
2059914
5943026
9265562
8554541
3682667
4318478
7500338
2059914
8341047
2059914
1776798
2059914
6038057
9366338
7669500
2059914
6238180
2059914
2059914
5706565
3968451
2059914
297511
2059914
2329999
1207138
6085599
9134714
9998353
2059914
2059914
5182679
1692332
2059914
2059914
2059914
6191416
2059914
5905987
5465952
5591501
4187629
4940489
2577089
6430398
2385349
4453264
1162138
8687313
8617963
8061366
9656464
2059914
8559282
2059914
2059914
5586839
4479981
2059914
3298827
2059914
402033
2059914
9260140
1043748
2059914
4824634
9344786
2059914
9172301
6422951
1035063
6941202
8551334
8747266
2059914
6992179
2059914
4031455
2059914
9578505
16141
2059914
1768602
987774
4355844
5109522
5766793
7520573
4638279
8854296
2059914
8769862
2059914
6169980
4018070
2059914
2059914
2059914
3610279
576579
9355892
1477332
500811
1438106
2059914
2059914
6312275
2059914
2059914
427261
2059914
6956666
2059914
2059914
2059914
2059914
5095657
9410681
8082576
7756167
2059914
1901815
4479612
6311611
4712399
2059914
9728402
2059914
3278917
2633603
4670186
2059914
2059914
5987366
2059914
2059914
8546011
2059914
3583194
2059914
240844
1921775
2059914
8750780
6811032
6048996
9401673
2059914
2302450
3730890
2059914
8843040
7470948
2059914
6230579
8929131
7816112
2059914
2059914
9362436
7916966
2059914
2059914
3877720
2059914
2059914
2059914
2059914
2908594
2059914
794533
2059914
5532264
1047197
2059914
1709500
7107880
2059914
1605715
1878620
2772056
2059914
9345359
2059914
2059914
3413765
7474520
2059914
2059914
2059914
2287921
2059914
2059914
2059914
3146773
9203046
2950264
2059914
368254
4775166
3897954
5362834
4182206
2059914
2059914
2059914
1813193
7063887
8456358
2059914
9495497
5708468
4001933
7232186
1422526
2059914
2059914
3428488
2059914
1648844
2059914
3073291
5895515
2059914
2059914
3651577
2059914
9841461
2491060
2059914
8578536
60078
2059914
1333258
4409048
5416317
2059914
4663059
1682164
8508107
458187
3137858
2172616
2059914
5484146
2059914
483332
9918054
2059914
2059914
2059914
2059914
8613738
2059914
2059914
9801444
1747489
1962113
2059914
2059914
2059914
7962139
2059914
2059914
2059914
4241053
3322227
732288
5910343
855846
7759994
607490
5842037
2059914
4121475
1907595
4486516
2059914
8989287
4940912
8084704
2059914
2059914
7995649
6684977
2059914
2981862
3878754
2059914
2059914
2059914
6108685
2059914
8137520
2992002
2059914
2059914
2059914
3615060
2059914
9456121
2059914
2351748
1054936
2896292
2059914
5668677
4700418
5300681
1264817
2059914
7358916
2059914
1036296
2059914
2059914
7547512
6268570
7109638
2059914
2059914
8697637
4449617
9551067
2059914
2059914
7335390
8925245
1131339
2059914
1081527
2059914
2435926
6187016
2059914
2041333
4921696
2426025
2688090
2059914
4035039
8965559
2059914
2059914
2059914
2059914
7637255
2059914
6953353
2059914
8584755
7572499
6263046
7034074
6139793
5451611
4614270
17820
2059914
696730
2059914
2059914
2059914
2059914
1159536
4328286
407620
1971581
8874576
1594857
2059914
6234014
7112586
4426467
2059914
2059914
2059914
7923792
2059914
2059914
3776178
2059914
2041781
6955569
2059914
2059914
3540922
5996935
2059914
5764638
2059914
2059914
2059914
964270
2059914
3556858
7747833
628678
2385888
2059914
6896644
4425655
2059914
315404
2059914
6230740
9478120
2059914
2167809
2059914
2059914
2059914
1753489
7039863
2059914
2059914
2767973
3861136
2059914
2400313
7202444
2059914
1626642
5614199
5734237
2059914
4031812
2059914
2059914
5588214
2059914
2059914
3553837
282815
2059914
492637
7350497
3487793
6932304
7499821
1367026
3220307
4174252
5215310
6363795
7594920
6946134
2059914
8222437
2059914
2315651
2059914
2517525
2059914
5141943
4520979
1047270
6145915
2059914
2059914
8123409
5063127
2453571
8281009
2059914
2116373
2059914
8931010
1259780
2059914
2059914
2059914
4074878
4669206
7867567
2059914
8419073
2059914
2030842
2059914
2059914
2059914
6899185
4949335
6744119
6693848
81136
1680795
5921908
2059914
9675263
8751807
2059914
942171
473897
1639943
2309699
4284496
2779606
4395363
510181
8399334
2059914
2059914
7481541
2810990
2059914
4984899
2059914
520486
2059914
9986856
2386141
6880566
2059914
8690356
6906479
2059914
2059914
2059914
8856646
1771398
8804871
2059914
2059914
4425059
2059914
4582850
1062555
2100206
4212788
1648364
6322649
7665705
3182600
1713254
1760588
9011285
4274755
6691998
2059914
9431086
9997827
2059914
2024474
2288976
3395572
3912003
2059914
2059914
5164041
2059914
8702432
6005499
2059914
2999033
1886693
1873034
71389
2059914
167976
2597597
2975705
2059914
731893
2059914
2562487
6483478
2059914
7949988
2024439
2059914
8902194
2059914
9271705
2059914
3338356
1851566
814064
3785231
2059914
2059914
8755409
2971956
2059914
1120746
2059914
7220619
2059914
7135361
442618
4011457
2059914
4457147
921052
5027580
2059914
2059914
516392
2059914
3262179
2059914
2059914
2059914
4892772
7403545
6329620
2059914
2059914
1692753
2059914
7242183
2059914
5599249
486572
6894291
2176429
5093067
5371907
6069412
4832065
2059914
2059914
2059914
8587353
6800881
5287672
4575728
9266309
6268536
2059914
2059914
1649661
1230303
6134657
2059914
2059914
2059914
320907
2059914
1498502
8149840
514732
1831299
5661081
2059914
4241657
2059914
8530517
5369223
9434512
2059914
2059914
9769184
3065414
2059914
2059914
6586569
8116675
2059914
4017845
909538
3765574
2059914
2059914
1091040
8252213
2059914
8837043
2059914
2059914
2059914
2059914
3636728
4184473
2059914
536439
4738596
2059914
2059914
8272727
3375248
159412
165465
2059914
2205561
3264808
2059914
2059914
2059914
2059914
6395473
833183
8745516
8478612
2059914
4647902
2059914
9677382
2059914
2059914
2059914
2323981
6489534
7512523
2059914
4194610
9228986
2059914
2059914
6883417
1072258
1669236
3010560
6185029
8420067
7080289
5283733
2059914
2059914
2059914
8099723
3406935
6851056
2059914
21726
8197310
8694560
2059914
2059914
9011888
2059914
2059914
2059914
2059914
2059914
7064374
2059914
2059914
2059914
3415819
2059914
2059914
7444620
3604689
2059914
2059914
7754449
2059914
1117481
2059914
7631730
2059914
9939174
6852589
6299012
2059914
8447256
5199956
9590388
1691638
2059914
5559729
2059914
2059914
2059914
6207645
853312
2059914
3595236
77219
2059914
2059914
8017660
484168
2059914
7032141
2059914
9649889
4276243
9463211
2059914
9666122
2059914
9360250
2059914
2059914
4762214
2059914
2059914
2059914
1367296
2059914
9350176
2059914
2059914
2059914
4243753
2059914
2059914
2059914
2917853
6690320
2059914
2059914
2203693
2059914
3131808
2059914
2059914
2059914
9599957
2059914
2059914
2059914
2059914
8325922
6432065
3873075
2059914
2059914
2059914
2059914
2059914
7786127
7854964
2059914
6197918
2059914
2059914
8563117
1898124
2866971
2059914
5145695
8167750
2059914
2059914
2905565
2059914
2059914
1327689
2059914
4910714
2059914
3066072
2059914
2059914
1156934
2059914
2059914
4738893
2059914
2404556
2059914
4060105
7480558
2059914
2059914
5027412
2059914
295248
539208
2059914
3768575
2476489
859752
2059914
9500002
377032
2059914
5188045
7680257
5930165
5055474
6195875
2059914
3643586
3408309
2059914
9392024
2059914
5519121
2059914
9710437
9143700
2799221
6663682
7907563
6785196
1378019
2059914
607323
2059914
8887039
2059914
8107333
5130665
2059914
4682797
9195248
3706639
7167241
2059914
2059914
2059914
5689051
2059914
4993927
2059914
2059914
4820270
5349930
4457294
485625
2059914
9391122
6542711
8662144
9783149
7646877
8519584
6364491
9965399
9535957
3005370
2333062
715642
2059914
579189
3129968
2059914
5609429
2059914
4955946
2059914
5407122
2059914
2059914
2059914
8218287
5285879
203285
2059914
2059914
920779
89348
6984361
2059914
2059914
5914413
1313385
2059914
6079402
2059914
1816735
2059914
2059914
2059914
4720814
3998406
2059914
6237886
2059914
5841920
2059914
2059914
2059914
1916302
2773058
3083458
2059914
2059914
2286465
725670
2059914
8920154
7344857
2385682
2059914
2059914
1676680
7452363
8679821
2059914
2059914
2059914
5784908
9866180
1703181
6987654
2059914
3041758
930063
2059914
5764951
3234229
2059914
2059914
2059914
4934630
2059914
8480314
2059914
1593043
7317025
2059914
2059914
8351447
1469019
5086333
4592207
2718835
2193701
2849416
2059914
6825813
2370004
212609
331108
1745477
4461917
2059914
6963305
6211764
2989067
713795
1984972
7976383
3486517
2059914
2059914
2059914
580480
2059914
4460256
7837841
2059914
3029721
2999921
1806451
2059914
2059914
9871381
2059914
2059914
9277150
2059914
7382776
2059914
2059914
3779573
5879053
2059914
2059914
2059914
1318462
2059914
3121016
9940730
1246743
2059914
8555811
764292
2059914
2059914
3086049
6827024
2059914
1368037
2059914
2059914
2059914
2059914
2059914
9790059
2059914
6589245
3855416
9729637
2059914
8423094
2059914
2300949
1636980
623134
2281719
7833429
2098223
2059914
7785469
2059914
2059914
308129
1124975
8401221
7371013
2473248
801259
2059914
2059914
4266726
2059914
9179717
5855770
4577881
2059914
6453463
8830729
3673670
408947
2059914
5246845
2059914
2059914
2059914
9899986
6153442
2059914
2059914
2059914
4047700
393916
2059914
2059914
2059914
194340
2059914
2059914
4304036
3310632
2059914
2059914
6976791
8554137
1233384
8854682
9691574
2059914
2059914
9594975
7157833
4394193
2059914
4802939
7719259
6956776
2059914
1470787
310048
2059914
2059914
7549980
2059914
743711
1665048
5570291
3504616
2059914
5492169
2059914
3509434
4982790
9868709
2059914
2059914
1175278
2059914
2059914
3836809
1116769
7968592
1618032
3286812
8857525
5042908
2059914
9906115
9859815
2059914
2059914
2102764
8585291
5698133
7051025
1935960
8589473
2059914
1145316
5491791
8904404
2059914
2059914
2050899
8227107
8005209
8133472
9621343
2059914
4816348
2059914
102573
6244164
3252712
7548320
2059914
4839171
2059914
2059914
2059914
8438496
5318373
71309
2683460
1931417
2925576
8103747
2059914
2019601
7790610
7645441
9777789
8101369
2059914
2059914
7864400
378179
4000731
6182639
3099241
2059914
2608468
6436759
5395934
2059914
2059914
2059914
2059914
2059914
9086588
766808
2059914
2059914
496297
9307546
2059914
5786704
7185354
2059914
8036361
6297
2059914
2059914
48616
2059914
2059914
2059914
2059914
2059914
2059914
2217070
9299403
5135421
6229745
2059914
3272351
9372257
2502383
2059914
4062516
2059914
7301381
5166890
2059914
3584827
6079096
2059914
2059914
3749089
2059914
2026690
2059914
3889321
1115316
2974035
1660519
2059914
7124355
2059914
2198491
2059914
9003412
7134853
6126273
8430535
317409
1766518
934258
1174288
2059914
7338526
4284641
5814825
2059914
2059914
2059914
1947374
2058764
1658073
2059914
2791710
6340273
2059914
4382202
6129825
1122120
2607754
2059914
2059914
8781613
2059914
8969901
2771904
2059914
2059914
847075
3034587
910593
116283
2059914
7646360
5301047
2059914
4686646
2059914
2059914
2059914
4174178
7595674
1597059
5734693
2059914
3856074
2059914
6086990
2059914
2059914
6946494
2059914
2059914
2059914
2059914
7306745
1646285
2059914
6800350
2059914
9096365
7968359
8456857
6973295
2019208
2059914
7862799
2059914
5152053
2059914
2489156
9169381
2059914
3131754
4029470
1813835
2059914
5028336
2059914
9167330
2059914
9336151
2059914
2059914
1375649
5567694
2955709
2059914
2059914
704323
4085548
2618209
2059914
5543784
3357383
2059914
3834412
3752052
6133653
2059914
5443342
2059914
9835375
2059914
2059914
6703466
2059914
9466559
7102169
5020834
2059914
2059914
2059914
6761446
8110727
5127672
2059914
2059914
2059914
2059914
8867827
2059914
2059914
2059914
539858
2059914
6352199
2059914
2059914
1467922
5236014
2059914
2059914
5344449
3743357
2059914
7481122
2059914
