3192355
6643505
3644210
2482325
3857911
8201866
1960773
3722697
5998919
5403936
3722697
3722697
8008776
7987518
6726492
9516610
1566680
1976135
4256157
6533916
8585247
9974931
3722697
650891
388796
4831574
3722697
8233128
4937478
6075479
519386
3325553
3722697
6576736
587530
6840662
3722697
4689229
3722697
7417151
4400778
5924519
9068453
8779190
2288933
3722697
7083721
4426031
3363876
3722697
3722697
3722697
7478910
41800
6796308
3297933
3722697
1537604
3722697
6785774
4362430
7764812
1149048
2793766
6978088
9018662
4234024
6685115
3722697
7534366
3722697
8790155
3722697
3830624
7880212
3722697
3722697
9557198
97051
3353296
3722697
3818637
2423769
4984020
3722697
5911523
5581641
7683868
3722697
9993363
6827314
3722697
2307910
3675135
3425764
3722697
4124698
1068100
3722697
3722697
3454773
119406
1335303
8037895
3992216
6006891
9200313
4130659
3722697
4501404
316764
3722697
3878338
257631
3722697
5025977
841015
7748790
1365673
3036946
5862687
3722697
948927
3722697
7142053
573279
7549177
3407675
3722697
2547167
3232413
1444332
7969127
7594407
206104
7338
163024
3577163
3518356
5164428
542407
6281941
5228164
173630
2089404
3888150
3722697
3722697
2661563
3841521
2366326
7804910
3722697
1293763
2109669
9436953
3709195
1355636
4675707
3722697
9703488
3722697
3898156
3595562
484648
4354047
7887649
6849168
3722697
3873271
1495949
3722697
3722697
2944373
6008339
5373984
3722697
5004380
3722697
5886379
2985863
2989610
2914051
8378021
6852023
8345978
4841215
3722697
985987
2877008
3722697
5367148
3722697
3722697
618545
3722697
8228704
5524178
1985639
7610362
538468
5547600
6578866
1376306
2960929
3722697
4542860
3722697
5637319
9649181
3722697
8080741
3722697
3722697
1837625
9203342
5274897
3730446
4404560
2684383
7738034
3722697
1574089
9909656
6316218
2353029
9438603
7529074
6908119
5463540
3722697
4984584
6059279
2010712
8718248
6456112
3722697
3722697
3722697
3722697
106544
7556301
9785646
8839774
3804578
3961589
8898979
8624548
1599940
8745351
8222898
7682003
3341145
3010245
9997595
5504553
6557133
3722697
2560137
3722697
4907297
8108149
6786335
3722697
7763642
7659953
5421369
5238813
8476072
7428004
4378802
9555311
6097695
1756721
5270769
3722697
3170665
3722697
1308494
3722697
7170362
5071470
3722697
3722697
4666578
1868908
6768600
3722697
3043095
3722697
5214115
4084000
5982438
7956580
4042996
5383368
2720980
1901926
3722697
3722697
3722697
5541782
3722697
1452590
8924321
3722697
8924328
8259274
9900104
1341640
3271895
544342
4960583
951378
3722697
960095
1217317
5293444
6014024
7088411
9516366
7862987
3722697
7690513
4150118
6132926
5191723
8273423
1681834
4881237
1376030
7886586
6337279
6835582
170354
1397447
3722697
859161
6548018
3757814
8171507
6304878
3722697
1709801
7792584
638138
4275130
6642907
3722697
6953045
2451062
3289924
6026980
4871147
6695605
6806794
8120567
2080825
7202129
3703706
7162875
3431576
9629748
3722697
5351803
2587632
8830985
3722697
2724092
813776
1555263
1914088
2697440
1002325
6431213
9066458
7363790
3722697
5115331
3722697
8410993
9494273
3722697
253985
8044850
7374489
7774500
902659
8691396
6376891
3722697
9910630
795616
1796362
559709
5779580
5770444
7980933
3352210
3181934
869677
3722697
5926956
3363911
918740
8860583
1830796
9125501
739819
174560
5696727
3722697
9651054
1257859
7008038
5146783
5368390
2367190
1848881
1364076
3674527
2007406
4477551
8860507
4730846
3722697
2781788
9259342
3936950
3722697
5283541
3722697
950665
8581592
504023
6206422
2768592
3673815
3778753
4348235
2337285
8256370
4870794
3722697
562591
6156451
7993939
5509275
112652
198375
7174651
3722697
3009778
6291595
1098033
3722697
6566832
3722697
5556703
6116085
9124608
6939895
3722697
2214613
7094844
3722697
8407911
3722697
3722697
5959501
3722697
4182141
3722697
1913720
684531
4987871
9028306
1336957
7964824
5816739
6797918
5927323
9977375
207718
8287253
718641
6210009
2208060
644127
6512667
5587151
2130687
4363556
5803366
1073921
3722697
7584785
5906239
9071360
4348423
