8943788
2934153
3521606
3486585
5052892
2186631
8025752
3592380
672774
2186631
6336991
3510028
2186631
6923611
1526840
6612295
2186631
1827855
2730855
2186631
2186631
7865905
4696390
8457631
1978471
2979991
2186631
4750756
958187
6280712
2334073
9696758
3495812
3959277
8056737
2186631
7973681
5934767
631066
3026206
1718046
4820100
5973119
1705425
2859570
3431013
2186631
5151018
6798372
2186631
2186631
8602781
2186631
4665359
2186631
4861568
1987137
9845809
2240936
7097182
1661348
2186631
8922764
6387764
9096141
5347656
789865
856053
2186631
1761464
598825
5958826
2186631
8382398
6049607
2186631
3607677
5507989
1094486
3057805
2821912
2186631
8570524
8628649
8466334
7561747
8373233
9694605
8332388
9022776
2186631
1433839
6157745
4710573
9919984
2186631
8553223
9217210
9503479
9691483
