6052873
6311421
7452552
1904865
9763420
9419104
7746766
210532
668413
7433428
8545485
2024625
2615289
8644039
2141331
2050312
9133496
1218191
9080180
1723239
3857418
1653770
507805
608875
1580225
2872044
6524744
9133496
4397380
4949569
8818431
7671413
8714694
6307490
1078368
9133496
9133496
6638363
2325220
8407098
2625000
1030399
2971172
5778612
1747850
9133496
9497467
226794
2844566
9133496
2631627
5090762
5218522
9133496
9133496
7421349
9274434
4353827
9133496
451879
4168947
4610241
8681771
914855
4239929
9899497
9133496
9133496
9133496
7578548
4793842
5817043
6206574
8069442
9133496
8860888
9133496
8891021
8025718
458745
9133496
1850832
4930389
7078337
2141214
5206158
9133496
6801194
4278298
6075135
6914180
2545298
7865096
9133496
600039
345705
5503987
9133496
4405106
8000435
1272207
1599826
6310035
7634069
2697496
9133496
2318782
2524628
9874974
9528007
5770053
9133496
8864036
9373187
7587116
7092316
76959
6959555
9133496
5646082
1049308
9133496
9794663
2907897
1148127
2044336
5926573
8038523
9133496
355917
593816
115240
5287502
3488448
9133496
9133496
3523716
1608258
7723792
830174
8144285
8972286
4768505
6834858
9833454
9133496
9133496
8851059
9133496
8572970
9843500
4060315
2719513
9916015
7884316
9333592
2362637
870945
9455443
1896667
5427589
5186858
7027928
503311
5988529
7311114
1403665
9920350
3342557
9133496
7912580
8904517
9133496
324173
4990176
4027842
250341
8632121
4123269
8513710
5808982
6922560
9133496
7546057
9133496
1280419
9133496
4695088
7571478
1882883
9327713
3585985
8963401
5166135
6048441
9133496
5086018
7784592
5133657
4238409
9133496
1707151
9733287
4253155
8868020
8812390
7822667
5601087
6937179
46018
661001
1298249
8880580
3819755
9542783
9133496
9133496
9133496
3014745
9786866
5734896
5302752
9133496
1450536
1853936
973528
5303282
727333
5278245
9133496
9133496
3557259
8580679
9992160
1552089
4799957
8482124
4375265
9133496
2932488
2747938
4268424
7822182
9133496
9133496
2823513
9695115
9133496
7761665
3672245
3502788
9133496
8489301
7207386
7493746
1044780
2985096
9133496
1207190
916743
4179879
6149014
2234340
9133496
8760418
9133496
3027513
7316677
612437
9133496
6028047
5573802
6091047
7838060
9133496
9133496
3152062
9133496
5562751
1152277
9133496
7283489
2798370
9133496
9618298
7522462
7038813
9231300
9133496
8730113
9133496
4594604
6402974
376009
7672701
9563169
9133496
9133496
8205166
5227829
1442172
8125327
5006974
3677175
4422289
2904453
5249253
2217419
319314
2324301
6422237
4297611
6322697
29726
1658621
9691305
6520151
945047
4505729
9133496
9133496
854145
7043142
1743461
76366
9133496
6216720
374509
6743142
2062616
9133496
1356548
4150017
4450252
280913
8943354
9133496
9133496
3817533
7264861
9942962
3891368
6537892
4690528
4269373
3481726
9133496
3292904
5003244
9254068
681012
5684138
8398701
8118461
3846523
5954414
9039371
9022576
9133496
5593735
7541954
6603752
5157985
4090511
4412454
4523195
4502503
7844797
6454399
9133496
1476086
9170792
9133496
9133496
9133496
3321542
6189310
9133496
2932261
5286466
9133496
9133496
5928072
6374678
9133496
9133496
9133496
9133496
9565316
6669360
1168053
7527277
4669017
3801719
4017835
5454497
6854343
3885640
1852618
106217
6401232
5982934
2237564
9133496
9682476
4697620
1768965
1591712
6869088
4010320
5056116
6676697
706196
1977147
1921275
3237905
3815685
6934194
4143674
6157030
9133496
8302478
3681404
3830572
3674390
4324899
3760335
9133496
9133496
8807588
4192520
9156332
9133496
8455428
9133496
2974113
9133496
463117
9133496
9133496
7210495
7220745
9133496
562558
9133496
6492234
7994795
9133496
9133496
9133496
4173212
5229056
7391446
531427
8465499
623574
8155055
8766293
1984645
5584635
6680787
8434064
914300
9065768
4606248
8362001
2885297
9133496
9277362
6406920
441794
7674786
5979611
4220196
1677189
9133496
4921856
5682007
847225
7942273
688297
9808613
7570844
9133496
1607455
1968086
9133496
4534545
4082516
1605416
9133496
9364340
1343038
4381029
2880947
3054279
7660496
9248134
6644016
3622443
3916956
7897544
9133496
9106508
3085535
9133496
9133496
9133496
9133496
7954554
5984901
7471832
6635268
9133496
1630526
210078
8918056
508403
6971865
6964462
6607925
3792820
6511060
3242695
8671042
4651655
4489144
3095471
4963368
9133496
1828820
9982362
5965596
127926
2623661
8712135
4002083
987481
7630303
2893903
4495568
9133496
9133496
8300651
9133496
2658639
9133496
2634741
5435086
7127164
929002
2732443
6924957
4490642
1929126
9425735
1701379
9197289
7705821
39275
7991188
9133496
1866648
9133496
8467883
70700
9804250
9133496
4114517
9133496
3315786
9228391
7333311
2678366
4062442
9133496
9133496
7528055
5614178
5800994
173394
9133496
9133496
5085574
9133496
2735798
6019529
1369857
2709124
6008445
1684598
8728531
27561
9133496
8356995
3029022
6954347
8986251
8961380
158246
9133496
2753504
1446111
7143786
9649713
9133496
9133496
8459671
2259171
9934461
5420783
3640259
9133496
9133496
4868556
5095823
1784687
3036271
6709924
940387
9133496
6591104
9133496
9519029
7128493
9133496
9152636
4102007
9133496
9133496
4674444
9133496
1659319
3820160
8403556
2532587
3168831
1593990
9133496
7337377
7840916
7008240
5314359
1880230
9133496
9133496
5548469
9133496
9133496
1888510
2960854
9432079
2290858
9133496
9078074
7612148
3716846
5613299
7630219
9133496
3851828
9133496
63964
9133496
2052380
2628714
8156023
3205013
9133496
3565095
6669544
3035534
6114617
8365062
4881633
9663722
3907071
8581748
4680988
6372176
3057912
2499995
9720594
4830797
5261075
7910287
9133496
4774632
9133496
5407300
9338115
9133496
787351
7405455
9199826
9133496
3217027
2256955
1838982
6909554
9133496
6961881
7383770
9133496
1721198
605944
2384367
4121527
332799
9315511
9133496
3008503
6923980
9133496
8200561
3653485
6020290
6876124
9133496
990763
2176511
8207099
7488801
1718142
8007114
8882557
785348
2144502
4128789
7363274
9170260
4947615
9133496
9133496
5526507
5725299
6211545
3130297
8639551
499933
6626846
9532880
8261779
3460946
9133496
2627440
9756842
4325037
7688292
9133496
9599390
6128037
9133496
7761124
2217581
9097451
2309777
3663467
2493073
7146956
6560920
850762
7753781
1980401
9536215
5282074
5337015
6815944
4045244
9133496
1650239
9517404
1756888
9133496
4567990
7054349
9501894
2985081
9133496
9133496
3684486
9133496
2649111
5112237
368626
4140127
4610216
7379558
6231142
7594154
4354203
4875177
6275518
4998181
6224
7604861
4423801
6896471
7818442
6391099
9227537
9133496
9133496
950585
6210411
9133496
7672030
3081044
9133496
2430682
2282208
6375497
4225480
9133496
5956676
584257
9133496
3638759
968829
9825881
5971903
4512171
7359247
3297924
3996967
793913
3545704
7784973
4431119
8638579
3441489
2393420
4732164
9133496
619019
4251558
9589365
4807300
9133496
2369760
9133496
2836677
9133496
3373320
848106
4526080
1218438
2820146
5741539
9133496
6946749
4574976
9133496
6739255
9133496
597023
9133496
4354760
9383459
9086348
3640839
2650354
7501430
5544741
5011497
7919560
9133496
9485179
7127733
9133496
9133496
3165199
5945625
7491142
3395978
7082008
7913600
9133496
3286251
4168107
510019
6835977
6743269
1086111
9133496
5510935
9133496
9133496
9583958
9133496
924309
1646885
5823025
2626173
8537728
8718049
1855980
9133496
4004633
4575502
9133496
3764290
204425
7482063
8933028
292721
2320400
9133496
3320374
9864217
6225618
9565480
7928472
6819451
5602449
5406275
7666546
9133496
4145413
6405657
6190663
8533873
16867
9133496
9133496
5019535
1640376
5997846
2561052
4009204
9627284
6750456
9133496
8642553
2685707
6224590
1911889
9133496
1313485
1221542
9708759
890252
3177321
7649864
5690258
9903055
35834
9133496
6020445
412076
9133496
206533
6390967
3438818
8446007
9133496
9133496
9133496
6316653
9133496
1686400
9133496
6807759
8024504
784459
9133496
2188834
7833408
6383590
7595105
9797456
2204502
6823896
8006087
3603476
3355194
7663443
4335363
9133496
1288441
9133496
9226530
1071622
7281290
4350029
1967921
58074
8391401
2884323
265727
9258239
9758411
1461207
9133496
9133496
7429076
1043740
8263226
8987320
8810863
