3555563
7624698
3438724
4772397
9116860
3555563
7177807
8670048
3555563
5045570
3555563
9073675
8208899
7877538
3294384
4117315
9757378
26775
5845767
7185911
6693139
3555563
3555563
6074553
34915
612992
5865894
3555563
4694439
3555563
5438560
7564254
3663722
3555563
5728643
2915590
4207755
3555563
4448382
3307087
7364878
8672023
3555563
3555563
7302324
5579536
8348596
278040
8978249
7568057
3724131
5250895
9476494
6283938
7785702
3555563
7810651
8028820
7279303
5257223
1963415
8873955
3555563
9427040
2304073
6046274
3555563
6618339
5464617
6302632
4536635
140806
103597
3555563
3555563
5810610
5913216
838075
5540500
1675289
3555563
5073741
5784234
6249699
7421245
3555563
4467112
2782451
3555563
746088
3796123
3555563
8393640
9675870
5324746
3555563
9027297
1451786
3555563
9716412
8859318
3555563
7803083
5268298
2493758
4852427
7066834
6857978
3555563
5152172
8797033
7603414
7027970
1533772
3193578
177181
3555563
9329282
1465397
4300802
4886863
9061256
1714414
3686899
6324151
8926211
7183407
6547236
3555563
4157267
5416832
6298669
3555563
1423789
7092952
9715267
8554386
3555563
8443938
3555563
23820
9637818
6976780
3555563
3555563
772802
4606019
3413336
3555563
2889516
6204058
3106321
5973256
9410622
3555563
3216007
3555563
3555563
3290878
6217991
6506162
3644731
6752792
4725096
2503646
1752216
1882011
6460601
3789775
9445082
5807974
756433
3555563
4325790
408612
1302996
4876001
2834974
5050143
5684074
3555563
3385305
9510282
3555563
3310134
3555563
4021756
404773
8016190
3555563
3555563
946705
4969104
4738919
9642634
7188751
5272128
5147680
3068911
3555563
3555563
3555563
3555563
1519988
8416427
3555563
8667374
3555563
3555563
3555563
3555563
4850590
3142658
5166300
1519329
7381592
3521107
9103066
4304304
9240245
3555563
3555563
3555563
3555563
4942801
3555563
2776642
3655005
810385
5752547
1233122
270392
6761237
8191407
3555563
9173021
6102836
1459193
8412372
9303630
1807203
4947934
9287117
2059636
3555563
8672672
8536535
2994557
3505936
6521025
1796554
902381
5828389
3555563
9588937
6426322
3555563
5818062
1199976
6494679
3555563
3958445
9714833
2176670
3555563
31897
7021899
1666838
3976046
5132563
193670
5877106
8854489
8455507
2656796
4238521
7323632
3036673
3556741
3555563
9166681
993026
9278939
3354711
7567178
3555563
1983424
6230339
3555563
9531144
6364767
3555563
2376683
2094733
3603593
9289660
107362
4372080
5808743
2348649
9823808
3555563
5968762
8608966
1183126
5626001
5214762
3555563
3636990
4015487
9901658
3555563
2555265
9611568
6660304
3555563
7966551
7646850
388348
5400254
9736084
9201860
2824513
5803083
3372928
7777385
3555563
1295186
3555563
3555563
9186178
9132678
1213994
3555563
2232237
4071329
3555563
1507835
3555563
2223422
3555563
3555563
3555563
6662811
3555563
8818798
7248552
3555563
143671
242849
1003810
8066381
4602085
6431155
820830
6784570
3555563
7182213
7317521
3566251
5310237
1087354
5489704
3555563
9908409
6677557
9087278
8758627
8335317
9216035
9228778
3511616
6277644
4746263
3555563
2320258
3555563
3555563
4943870
3555563
1045912
7509697
789880
3555563
8949437
4403100
3555563
5669230
6949945
3555563
3477840
3555563
9304197
2070905
5630452
721481
2350994
3030041
2788595
3555563
818853
6994475
7815757
6433915
1097793
4430755
4997970
5470417
5059924
3532846
3445809
1349427
2906141
3555563
7833596
5212147
8780202
5230435
5544540
3555563
1057335
4588336
3782114
7398375
8679987
4775
2855586
3555563
1208646
9464773
3995603
3191518
5661192
6078827
8591117
1354129
4162630
7370109
585736
6848352
9246309
7541823
3555563
8248595
7742308
9018437
4059991
111840
3686525
8305185
1459311
1329306
9808254
5337166
6853596
3555563
5027202
1312733
4430065
3555563
6769163
3749921
4288563
9673127
3574978
493542
4042118
3555563
1333792
6580216
3555563
3555563
3555563
5798420
3555563
7119472
4219187
3555563
3555563
7959405
3631532
2680097
3555563
7073651
781611
4971639
8961822
9459024
617201
6320194
8562644
3274659
7472966
3529448
3271078
3555563
7953337
9605965
2305759
342959
729783
9269642
2139078
3055421
9931887
3555563
8997067
3980933
3555563
1676094
9370507
4149809
680929
3555563
398724
3555563
331722
5826615
3555563
3555563
3555563
2806399
7116504
4740968
6435859
508872
8884559
1854332
3555563
6245720
5472318
2521315
5303788
629901
161550
3555563
8157142
9423375
3555563
6835252
4534052
3555563
522699
7940297
2429957
9354888
1421754
6523176
6278978
2969867
1868997
6679104
2349606
2435083
3555563
3431528
1370706
1992238
9296122
1522932
5978663
598386
7675732
9095745
3555563
4879890
8530034
7149898
6887324
3555563
3792948
3555563
3783595
3555563
9107337
7462331
3555563
595536
6203891
2950474
1579245
4043588
345974
2549936
3555563
2644759
3555563
8572035
9138140
6079701
4015544
6003757
5991411
2290554
2054008
3555563
8693535
3670313
8019488
7264050
5310593
3555563
9449307
9587328
9471772
9335748
6209327
6961071
5113613
7788331
5431273
1445525
2097922
1027276
8687561
9920867
3555563
7637762
3410778
3555563
5323820
8117165
3555563
3555563
8759538
3555563
3555563
5653903
3555563
1203838
3278109
61470
8225875
1655634
538301
9294208
6571028
8049554
4164014
3555563
9673682
3555563
2270832
9708074
9524403
6793260
3555563
3555563
1551260
4684200
5332404
3555563
186226
3621139
7548837
3555563
3555563
3555563
2148197
3796784
7758674
3555563
2353774
7579038
9065253
578909
7738237
2161666
9133591
3555563
4706934
3764802
6179976
3835358
4619019
7614327
2048794
2448010
4320327
5321862
7707387
4980683
3295132
5114302
6857277
4353653
1736882
4694289
5926290
3473360
3555563
3555563
3555563
3555563
3555563
8322278
9398299
6349649
7661139
6775326
802101
4151244
3426362
501711
7367132
9779103
4461035
2022799
7713392
8763249
2806170
8479588
3555563
3555563
3554093
2644677
2334864
6776090
1636426
9932488
9709945
2374234
9522778
3991864
49473
3555563
531141
4371968
5312403
6954710
9082692
3555563
2943231
4306962
8532667
4149992
2372543
7759090
8671914
3555563
1332602
9844602
80185
8062656
2019379
645157
6468810
409716
9505287
3789007
4152024
9154415
9923909
2360409
1653061
3919216
6998036
3555563
3316194
8828999
2070860
3555563
227877
3555563
1466198
6738137
3555563
3689406
5684606
5208638
945683
346451
3688819
9823984
8876904
5271078
8701425
7070564
4569943
3555563
1674674
7337927
6798806
6633605
7941233
7304120
3555563
3555563
8169497
7928869
860598
8530447
6493551
7876795
2676116
8576038
8952839
1834648
5492304
6323859
4491027
5492854
6745454
9698699
8096281
2772655
4595194
3555563
660637
6348385
1308406
2669454
5700494
6112785
6910695
9810926
7547055
3555563
3555563
5444410
3555563
8759398
1160991
2079987
3772247
477696
7813316
6115600
1180745
9311495
1355344
4109964
543634
8926889
3878204
833267
8187386
702253
3483269
5622220
6639466
7476466
1617633
2760264
4324496
9105288
2604473
3555563
4144444
1727535
4233750
3555563
9852369
3555563
1587212
3555563
3044377
1713921
684645
7315167
4175724
4564657
8295800
1067642
1215872
3555563
7699987
1295480
7716826
4531300
9812988
9223219
5072295
8887474
3555563
2529905
5348308
4740931
1425220
1884526
9587361
1030625
525515
3555563
8017151
1800046
3555563
5542703
2859599
8458834
6660446
4549182
8069623
828794
3430336
5228527
3731577
3063701
7975932
3251992
8682589
4822739
4222920
5173545
9445561
3555563
493990
2315081
3555563
6321485
7595830
7739436
8352619
3555563
1588637
9780708
3555563
3461860
8307925
3378789
4258081
3889682
1410070
3555563
3555563
9904627
1960252
3555563
4362552
3384003
9530594
3880008
7968390
1516474
3555563
3555563
6114724
6720980
2058718
2475034
8919059
8815207
5593322
7002098
6896500
2796173
3555563
9574403
5051114
8426310
8248547
3555563
8182879
2511666
2971168
3230706
3555563
8920298
3391537
1025111
2080596
2403047
9826420
9919010
8604755
6004638
2648396
1378612
3555563
2866354
7215338
3555563
1840820
3555563
3756366
8452815
299785
2791013
6997357
9764742
3410320
7177459
8180617
9413737
3590452
9387292
426395
3555563
7554035
6663149
1764237
1545696
1359356
9803498
180696
3905823
6115685
5914531
3555563
3555563
6033589
9771765
7876629
2161257
2055559
8598469
3887329
1750255
8722168
3529950
4736153
712376
2223585
3153584
3629239
4489291
9183139
2610462
3287377
7946531
590738
9879549
5546521
3555563
9084412
4176006
1402448
3555563
626954
4549937
3555563
680739
3555563
3555563
5357544
3555563
3555563
9284018
3555563
7206174
7796531
9088311
8534807
3555563
3555563
8475660
9799991
2168299
633924
4782071
2317813
5784738
4656140
3555563
3555563
1611217
3555563
1629040
3230512
6222376
9732438
9810843
8802768
6655556
9171680
3555563
9091065
1720906
3202408
2747656
9714048
5399527
3394352
5735135
8198036
9222364
4568975
6955984
8705806
7617977
3635041
2479375
3555563
712920
8808710
7146684
8884246
1907040
2371752
645669
9099783
2443859
8347210
9981326
1363785
1171911
3555563
2619481
6470367
2971139
3555563
8916932
9070778
7471765
1025973
7641071
3090353
6597742
7676947
8560317
1727569
5114784
7834816
3018040
9400983
3555563
3203021
1750187
8722135
1146754
435364
3171458
8840516
9213848
3555563
2488824
2183801
1083828
3626907
7432698
810041
1968343
3555563
3555563
3989757
7542908
3555563
3555563
6160383
3450208
3555563
5475984
4630874
2361482
1864334
3555563
721273
5851583
3885860
1471500
9510473
413467
522399
7245214
9696506
3555563
3555563
5728960
8239285
900398
5963833
3927696
2896681
2826012
2433829
5853020
4983680
3555563
4017856
8843246
9754526
8885347
4548300
6978347
9641781
9279905
334393
5900652
3555563
3555563
3589043
9141192
7460686
2488245
808595
8784619
8609701
4415533
96859
6763934
3555563
3555563
3174385
7490113
6116054
3555563
1449020
3555563
9261856
9445556
7111173
4159932
20247
5639630
9979403
2099124
4708890
6828740
6183238
7453381
3555563
8811309
2464214
3555563
3555563
3555563
3686381
4082603
4664752
5770374
5574514
3651041
3555563
3299106
3555563
7314491
4657573
8487873
3955870
1795582
3555563
3555563
9793176
3555563
3555563
9962196
3799634
5982052
7309565
9835272
7681280
3555563
3732996
4172590
2298714
9821026
7746897
5131756
6759820
4935467
5159565
4262798
8748279
71610
9897244
5332274
1741042
3708212
8137891
7632767
542033
5721772
7783742
3103062
1869460
7349697
2576421
2407520
6405366
8268634
5517552
9189939
5324843
2211393
8069705
4852035
7390621
5604291
7157523
6506697
6612784
3555563
3555563
8347658
9702509
5009657
3555563
3555563
4159507
3417202
3555563
4148042
476417
93572
2947795
3555563
3555563
6074820
1569304
6597748
8163183
2923558
8296708
3350395
7916121
5738375
4691950
3555563
3555563
1776200
3080072
4811055
3555563
2363727
8585177
3647554
3950374
5977129
8773972
3555563
1080330
3555563
261336
2148218
4636262
9190692
5613202
3217854
5918122
3054790
3555563
8568157
2426176
3555563
7288777
9678728
5853246
7220196
3555563
2435959
3786051
3493267
3555563
7253697
6085823
3555563
2530818
9401051
2789438
8555423
7774729
3555563
5241538
3555563
3812019
3486653
1987871
1953400
3555563
3555563
3928714
6691884
5364104
3267495
7779415
3555563
6835652
9071529
3555563
4007480
3362387
5921893
8122011
7213006
9000876
8419836
3148880
5161117
7248886
3555563
3899098
3475841
9320352
3555563
3555563
1000475
5130162
3555563
3971410
1445233
3555563
3555563
8387875
3773676
3786695
5331997
3555563
3555563
2291462
7421187
9684581
6840791
3962303
3555563
8328849
5731983
1304015
6562310
3555563
3555563
2469091
9410256
5840045
9615192
3100638
1580625
3288076
646991
5302669
3555563
9646256
3555563
7334080
5231546
9072481
7798997
5162270
3555563
221916
2448758
7251294
3576020
2952789
5945797
641787
3555563
2233534
6473151
3624195
3555563
3555563
3555563
3555563
1610941
9767788
8754135
3555563
647504
7907036
8039731
5784639
3555563
3589814
8165851
2775993
4024076
371586
3555563
4637383
1630942
542020
8230376
3555563
1398958
5578039
3555563
5989148
3555563
6646532
5436420
5612735
8190270
8566463
1767819
2100768
5811440
3620729
3468874
3555563
1254412
7569637
4409680
8866921
69889
4771711
3555563
9759024
8214072
3555563
7050771
7305121
4170327
7937812
433512
3555563
6128704
6960888
5336911
6934625
3555563
5773723
6922988
8203334
1920609
3555563
1728480
1711842
1180742
3555563
3555563
6965516
1469313
6636541
4033029
5970686
4253661
3555563
4780474
6335242
4831540
3555563
614732
3685494
1298724
8453360
2593506
1222216
5902294
2811638
1297131
810621
3542130
3555563
9584652
128548
7161644
7489417
3256614
6606503
3494656
3555563
8291632
4705736
9814011
3555563
2335127
7656950
1550477
4595130
3555563
3555563
6447730
2071859
9251240
4301241
47491
3555563
6964980
492781
8251411
3869604
432529
1193702
338148
6276041
4211398
3555563
8677271
7830027
8216855
9843410
3555563
4988077
7964612
2115597
3555563
9565955
9514909
3555563
6324334
4876652
6821217
3555563
3555563
9654639
3301212
8580706
1192991
8441021
3555563
8023179
3585939
7758581
8211038
3555563
5908298
6574294
3555563
8441215
9615821
4544157
4434046
3555563
3750833
2270328
3555563
2609006
2087390
3659810
4194732
3555563
1879329
8047250
3555563
4858717
2376830
7831863
3769509
3509105
3950867
8454716
1706108
820456
4809803
4727595
1545137
3195544
3962127
1387184
2794511
3555563
6422742
5548200
7288083
1220278
7310916
3555563
3555563
3413831
4256483
595461
3409623
9562142
9018651
3555563
3555563
5668090
4630578
9438706
7334242
3555563
9256659
8214973
2128767
8428987
3555563
6318394
3555563
493683
9243968
938450
3555563
8910247
5654662
3951195
2554654
8159637
2049680
6960094
2492450
9841473
5231800
3555563
7588589
3555563
3345141
3058341
7860430
3555563
3555563
8271308
3555563
2032333
4443810
3555563
3760774
6863810
9877212
6172458
8755332
3497244
3555563
7404273
3555563
5219704
4948895
6972611
5547518
934633
6288877
9995834
3555563
9973034
3555563
1935344
4377565
1603555
4544938
1167234
3003644
1801267
5187419
3555563
3144300
3555563
1080604
3555563
3555563
842662
3377254
3555563
6615311
6328573
580503
5438683
2499805
1650202
7369631
3555563
4017677
6119335
8183606
1822163
8098604
7390695
4016280
6770479
7852742
3555563
8421511
9954808
2725631
4452455
8523305
7491255
6968999
2412905
3555563
1072699
3555563
6616939
3555563
3016679
3919812
1043661
25423
4984592
3555563
1839649
723565
3555563
3555563
3555563
2490488
7456134
8055807
7125639
3555563
9289962
215301
9514325
6738341
3555563
86483
3119653
2633426
2316813
1312409
7837874
3832593
3555563
1982127
7787501
3555563
6871415
2817878
9245950
5071364
3555563
3555563
3655813
8822448
3555563
3555563
7676194
8705632
7529075
3140018
4859628
3660059
2422700
2203237
4015396
8841062
3555563
2565861
3555563
5927416
7128064
7990606
3555563
9690394
8840260
5370908
6571880
1738568
9745975
3555563
1673521
4071929
3555563
4040471
3555563
4013613
6012029
2164112
2216380
3555563
2658162
7713477
7576956
7349818
8644772
6748634
256352
6671266
8106755
5996185
5166989
2998195
3975886
4686024
3555563
4092525
3555563
3555563
6799300
3555563
3554580
8905868
9618860
1686136
3555563
8297444
1937554
5618438
2201043
7672890
7944467
3555563
881264
1287786
551873
5301346
5181712
3555563
7717110
6368827
4100123
8914644
1020464
6664620
3555563
1331702
1534535
5671789
6311632
633256
9531185
302126
8977812
3555563
3569977
6267813
3555563
3555563
7225385
3555563
557351
159901
3555563
2538276
9467674
149157
9433989
890181
8110250
1187399
7116003
6463365
4654402
6572958
2275349
5372692
6883426
3555563
7858922
5375479
3148213
7434671
8780293
5909918
6210626
5809194
3048843
9910628
6607031
2790795
9780373
3555563
31130
6822382
3262855
3374811
6485217
9116745
5630689
3045816
3356408
1687835
1555472
3555563
5762230
1576806
3555563
4350157
6257609
3317507
5628188
6619707
1353110
1077462
3555563
6941385
4573777
5496947
2336394
3555563
9921875
490202
4282097
8965289
3555563
1759949
6201309
3555563
7631178
5221991
3555563
4651223
2380247
4228097
9785157
3555563
8747330
3555563
9889135
7494010
2893161
288434
7799869
3755874
196344
4517172
3555563
8286960
6025988
7554740
3555563
1664642
6749291
6678595
7767840
2310495
6917428
3555563
3555563
1064766
3555563
9408543
7984523
3579743
7616433
3056180
9331600
3555563
6296231
315831
8512092
3555563
2959149
8341277
1699065
3555563
6200501
6805857
1219411
9593776
3555563
3555563
6081982
2830527
9044168
2109767
3555563
7620810
8511663
6326719
3555563
1853288
3217403
8703819
154522
7581035
482577
5220173
3817618
4993770
3555563
7588739
1452691
2945395
1541865
4521494
8325837
6308966
3614692
1440511
449126
467768
8083034
7702890
3555563
8630168
6232323
2138668
2757358
7307640
46531
5250534
6330328
8710174
5427610
4011044
1261287
6426275
1272710
8728298
2886918
3317645
2187286
3555563
4808343
8540071
4887043
3555563
6331356
9639568
2526199
2570379
6019359
6067237
9629349
3555563
3555563
1319380
2060897
2173615
8124105
3555563
3555563
3555563
3824063
3555563
7117269
9642283
3697784
2474403
3555563
4472124
7838218
3555563
3555563
7091797
1999822
8161473
3555563
4527687
7789865
1719125
4625780
3555563
3555563
9185753
5325305
2372220
5656760
6976663
3555563
6239618
265264
3555563
6854441
3555563
4378469
939267
3870711
3555563
9773759
3838705
3306250
6340956
3555563
5102119
306428
8099891
1627854
3555563
6260548
9665733
9647326
4783598
1109649
840375
4566345
2508702
3555563
4164201
9024962
1700348
7852896
3751589
3555563
4129263
5197932
3843131
3555563
341456
8070805
397750
9292779
4198523
7207987
7379138
9267448
6421541
7833905
6599200
5549138
2696166
7412956
6723228
6974983
9008225
7015003
3795641
3555563
3555563
3555563
3870845
4401796
7036797
5145412
8137044
7869739
7393632
5844431
2125333
9840819
8655886
6071782
7712621
2069379
3555563
5153805
3555563
9365809
3233623
7370016
1997210
2164709
5839351
6213070
3231666
6317818
4035815
5740778
9584700
3555563
9821006
4962351
3555563
5647646
3555563
8296646
4896755
1897996
3466382
1767885
1460833
935224
2612854
8784494
480541
8392260
4071374
3385714
8862761
3949389
6318589
3555563
3555563
6404190
4503947
5579915
2928261
3035948
2646573
2744631
9402964
3555563
8384320
3555563
8953076
3770019
5831229
3555563
9516780
7718146
7588856
3555563
9267594
3555563
5269747
9888812
2965642
3555563
9275703
45840
4500852
3555563
3555563
3555563
9508400
4974758
2737675
8588966
2162744
9584154
8705979
7724411
3555563
3458240
1662915
7257956
6436477
1276989
3184588
3555563
9753666
3555563
9435364
8467097
1405974
3381943
3555563
3583898
5671781
3555563
9383186
1851842
316951
1218595
2678625
3555563
3555563
3555563
1680681
2900462
7722644
3555563
3555563
4397237
8089927
5478557
3555563
357908
4272789
5586393
944626
3555563
396062
8935409
3148095
8803410
7406823
5547752
2260185
4295871
5585419
7887903
3555563
4758818
9787047
3555563
8398057
2099400
9951146
3262167
8898303
5328001
912032
1833250
487892
4772921
1439378
7477206
3555563
7155536
5161272
8638156
528959
2130136
3555563
9788457
3546563
2774569
3555563
220987
4654214
6112483
5769027
6105556
4392360
8370061
2990628
1020046
9469377
3555563
5191648
3376909
9690881
3555563
5354676
4542681
4801829
3555563
7232879
8783702
1580389
3555563
5569501
2945196
3555563
2231258
7214610
4444953
3555563
4995061
3555563
5829256
3555563
8661066
9337138
7212505
7017070
2241515
965424
848317
8660174
734415
8876159
4597246
1655708
40087
3555563
3138502
9672069
3555563
7996599
1342532
8689570
224253
3555563
4786305
4347606
6146087
3555563
7387433
4751963
5076636
3555563
9760241
3262309
4504946
7281203
6909073
4041943
8559520
6978508
9286982
3295838
3555563
3146646
5491065
3946229
8641345
2849204
7151793
1390696
1085606
2457411
370062
9948344
3741480
2404110
7615978
2266560
2744560
3555563
3555563
5584180
5497707
3555563
5901447
8423736
9906689
2580434
6036126
7952185
1887100
6992372
6449788
5761941
6766962
9849135
1405056
7083405
3555563
3555563
4523530
7986950
1697170
5121594
5327156
6404070
406594
1994452
6113991
4244834
2661827
7921029
6670623
7053276
3687605
3555563
5133772
3555563
4783661
210955
8436065
4249526
7224478
7916696
3620585
1073844
5321022
4454092
4577926
1092370
663756
7530742
9041376
3429146
7025738
186553
3555563
6190800
619114
4846419
6384058
5359911
116917
3555563
7046262
5595817
2994932
1974607
2207901
2842229
3066778
239858
9244066
7184301
8533996
8797717
8810752
3555563
9647979
6657356
4233900
3555563
9658035
8259380
7649806
3555563
2905135
930192
1251436
1914137
8737633
3671323
2929704
3555563
6315993
5674484
3555563
3555563
7161570
3555563
195363
8849018
3973377
4553541
2198704
9502490
929118
826641
4125667
7989565
5127509
335903
3555563
3555563
4444186
8292658
2378567
4091150
3555563
2106102
5206738
1918812
2764711
3859981
7196620
7778575
6562510
2727126
8692087
4212308
2816849
5814482
5245266
4872769
9935749
6237411
4816782
4652911
9993677
7988578
3730272
3555563
4981053
3555563
9027890
7206539
3560620
8081712
3770530
7834490
621113
3555563
3555563
2777872
9637643
3555563
3555563
7207641
4498313
7811622
2691021
2435148
5766072
3555563
5988306
1597346
5477235
8258659
9226080
9114505
3878820
3555563
3555563
977856
8046804
4078449
9814676
4319098
8684673
862005
1523368
6454765
7891042
4915526
6683252
3913068
8460986
3555563
1364278
8343729
2930034
2063970
2506676
7952268
7060567
8303085
9756785
3708964
2692930
8626582
3555563
7791410
7561982
7354506
7567536
3007415
6272471
3555563
9565987
7922624
672467
3116339
3555563
3555563
8610775
4166195
9876230
3555563
2862685
3555563
9986869
5427751
3555563
5231129
9623810
3109424
3148457
6542631
4978490
4378135
3555563
2011969
3555563
3555563
3555563
4653900
3555563
1590651
8854630
8474008
2417606
4013010
97803
6506039
3596868
461389
7897297
2826015
2368567
1027032
9836523
549359
1786983
6671293
3555563
9712752
9299276
1570528
7120853
3555563
3507423
192412
3854935
1807787
6708232
9795581
6387844
3086171
8416436
2573263
9856818
7433131
7948752
2935929
1433542
2304906
8356117
2213072
8414883
3480579
5045477
3555563
1964770
3887609
8330018
3045351
2671699
816327
3555563
7864475
8419269
4006936
3555563
3555563
443072
2658171
7211194
6946841
5595591
8613084
692137
3555563
4010377
3555563
8119837
3047218
3685156
3329000
6866053
3555563
7520386
9618632
3555563
4435504
851171
3555563
6165632
5532623
5453825
5610106
6972429
3229530
3555563
9146677
9354494
6563322
3555563
3555563
8254732
7211288
9109125
9619269
3555563
4426856
5414524
5281036
3555563
6858375
4908827
8412340
9739848
8094897
3555563
8745811
8983169
939251
2816790
8432635
8975615
9722551
591380
5857247
9185031
3548446
2639558
3555563
6091537
5365854
4314212
3555563
3555563
1118322
3555563
5189930
1444249
9485272
6046855
7719425
7242439
8863584
404122
3191188
5862696
8899812
3555563
8602329
8513038
3555563
4917582
364953
3803515
331709
6481643
4993464
3479681
1021527
1334367
3121520
4630577
4983270
9204094
7418151
3555563
7354054
35666
3555563
4300562
3555563
4259184
3555563
6014245
1125548
3617985
2836306
6347031
3555563
5874453
3186540
8828752
7454969
3555563
8383274
3555563
2559111
3555563
5076497
6343132
2948325
6469740
2741663
6344937
2606552
248726
2875268
5323599
6840992
75081
3763606
3532416
1424829
4362541
9737667
5866178
3972839
6142283
5721611
6659631
1593394
3555563
3555563
7314525
4830228
2907728
3423773
3555563
5036223
3555563
3937627
1910486
1799756
8957580
2416356
3524971
7621655
6440683
2291081
9217952
5772648
1920250
550250
6534264
4912852
7805162
9360596
4193527
3252022
8514144
4937190
9719020
3955218
8073864
3555563
981823
6551283
3555563
9246349
4189747
9282174
5727516
9821736
7157826
7784977
1727761
6996430
7586222
2164569
8788089
9627027
6311543
3555563
4412189
2161935
5924467
4563578
1813225
3555563
6378967
1064952
4838768
999850
2460282
3555563
3509633
5374440
2399241
7529998
2813051
9750983
3555563
1478265
7750668
2203971
577805
3555563
2808814
5901216
1546731
7078876
6526083
3647498
9726551
8833436
5401812
3591071
8343527
8525
9146397
491084
7177455
3636361
5126311
6306941
3999458
8021272
4908142
3555563
5819436
8885013
3555563
3555563
3555563
6870772
5255487
3555563
489807
7267281
7453618
268893
4643567
6430299
969190
1936416
4682276
3555563
6855687
9678915
4854716
8480730
1870847
3115282
2937143
6214904
148657
3472286
3557336
8453884
7122797
4192688
1261421
5318703
3555563
3555563
3850742
3555563
6301816
3555563
3555563
9986785
3555563
3555563
2150963
8859409
8170479
9393221
8306489
3555563
8800674
6945565
3870589
1974587
4877286
2824121
335205
6103656
1028011
2304813
5721241
6568741
3555563
9089820
3555563
8839815
440717
3208429
6729466
1376220
2077213
5806566
3555563
172778
859791
9473726
566370
4770644
6144631
8245906
3555563
2755559
3555563
6233683
7167590
2824144
624635
3358366
903256
1274567
3555563
4404036
6311678
9499627
6191822
3555563
5601249
816522
1813707
2904732
3555563
5490168
3555563
6521590
3873320
9874110
1097070
3695904
1818249
8228915
5172012
3555563
8592325
6120317
6827973
5185458
382512
8242479
2713751
4397999
5256215
3555563
2096470
9161906
9458916
770099
8847769
5067454
1380795
3533614
7965881
2696165
3555563
6857238
1741927
3797003
3555563
6597398
3274496
7063005
7034810
9448715
7368783
3947833
3453218
2273213
2821386
839353
3045199
6200319
3026794
396345
9239094
225301
7408305
8453183
1684753
7199380
5724782
3555563
3084113
8384092
1987681
7663019
7967586
3504456
9436963
3555563
8015264
1300084
3555563
2294812
3555563
3555563
6579345
8570287
2371425
8942811
3555563
8842831
1114359
6533823
3555563
785260
7609760
6694280
1665399
3555563
3555563
3555563
8877623
1098470
8201425
6072370
2064785
6245212
3019480
3555563
333731
4143163
3555563
4928897
3555563
3555563
1399289
7171055
4605538
2740465
3555563
1135648
3555563
7499429
3555563
2357874
7317399
4868292
7511034
1917772
3555563
1573300
4465414
4063601
430407
3555563
5171896
2671833
3555563
209257
3555563
6807015
3109851
7426180
4309132
3555563
2892973
7483038
2161128
4488174
3555563
3567372
3555563
7239017
9943371
2138120
4505777
3555563
7915961
8508968
5572338
3426842
3677829
9079115
2898689
5402693
2147173
1299010
2650487
6290728
3075821
3555563
3829464
7619550
2969658
5522775
9674259
3555563
3555563
4029520
3555563
2006512
4934935
9955442
310459
5189567
3145329
6749417
3341215
2186151
9073198
6002861
3555563
3555563
9368016
9665912
4557487
3555563
9489501
5026765
7078483
526820
3555563
4534211
3392442
9974340
76668
3019198
3555563
3555563
9534966
3555563
3555563
6023091
3555563
5802634
3880807
3555563
6639833
1727928
3555563
3555563
6108120
3555563
5549306
7991230
3555563
6810071
2317257
61364
8221910
1032707
6958324
1069614
3259431
8947326
6292079
322798
4538447
15527
6655685
3274270
7424033
2078477
535047
5492567
3555563
3321042
9261343
2130761
9823719
3555563
76334
3555563
3555563
148092
6117375
8360245
2885543
6155258
1354840
9063768
4127249
3555563
1879432
3949023
7678166
297529
2804932
2780129
7438572
3555563
2069757
3025230
2641859
786702
1473967
451744
3555563
3555563
6827898
2684528
6672948
3555563
9669368
3141595
4088077
5450221
1858773
3824888
2815164
214690
8986526
7817392
3555563
8632602
2034727
3555563
8956029
3555563
3555563
3555563
3555563
2054395
3555563
1589132
529123
2040533
601009
3555563
4120846
3555563
3555563
7133143
3332877
768388
565716
317489
8555268
5202963
9807000
3555563
9161450
487310
9285719
3555563
6817939
2914139
3555563
5633373
8763369
1735357
4072745
3555563
5469477
8655511
3555563
3555563
2250491
246140
9642007
5815383
7422409
2080031
3235030
5241770
3555563
887652
4123013
7628612
3555563
9270039
6370212
4322846
931794
173315
6795628
276898
3555563
4176472
2344524
5959725
5522331
3555563
3555563
3555563
3555563
5936186
1891686
3217193
3555563
3555563
9233720
4006972
3555563
967365
7733712
3555563
7749781
2694141
6826908
2008040
9967120
4708687
3555563
8619169
3999855
5208694
3555563
66477
9590210
1701667
1191876
4578466
6427878
4331701
3555563
1705049
8054511
5101214
3916927
3699363
9613449
3555563
8773180
658506
4070078
7107527
8078486
790730
3111201
1304944
9246396
3555563
4109883
9032986
1236613
9385724
4985203
7475684
2774209
5013966
2268486
66345
4208223
4970705
4240519
4650782
6539041
3555563
1983380
763712
1415272
1936377
6665379
3555563
2433893
8057257
4209994
9083379
3555563
3555563
6581107
8594313
7450543
3350454
3555563
3555563
6923503
3555563
1370116
3555563
3555563
2745612
3555563
9157189
6255555
8984716
3023657
8619337
1409255
7954312
3555563
3555563
9740566
2268900
7984223
4485657
3555563
2654397
2383816
6560535
3555563
551320
4343774
3555563
3555563
9628601
3555563
1732528
8516669
3062705
7552075
9732712
2693648
243007
9683274
8319169
9401749
8751845
1041683
3555563
3555563
3845122
3555563
4489401
5957243
7892632
4797805
4233593
2382148
3555563
8756867
3555563
8120956
7590684
929515
1738209
3555563
4399352
3555563
5728351
4252236
5161621
3555563
926275
3555563
5730142
6946861
6246214
5176768
6935891
2968566
4012105
7787352
373385
7470263
3555563
3555563
3555563
9349652
2908266
4726867
3555563
168531
4516034
3555563
1290251
8265541
4064408
7645996
9523558
2811421
3555563
1789830
4803575
9322655
3555563
7235168
6688364
682463
7472818
2515288
1368523
9370297
4089930
3555563
2172276
4180803
6325734
6136903
7150077
4203567
8691387
6872079
3555563
6906804
3555563
4813692
3555563
9276348
3555563
923051
5990168
3555563
3374727
6582263
9380961
7185217
3555563
403513
3201400
1421223
5684713
2222130
3868547
1634152
3862909
4108837
3304515
2726506
7483869
3078448
3513047
6749219
5558768
5255641
6873978
6034332
6870869
3355026
5766119
3555563
8156517
4966113
2911006
1157180
923838
8855058
3555563
3927361
9434752
3455597
6219655
649753
9078239
6948328
2084273
3555563
3555563
9356058
6087077
3555563
2908185
2255189
3555563
3555563
3555563
511460
8196381
7863534
7672706
3555563
3555563
5941107
6312317
5262314
6196022
3555563
7117419
7305923
1639792
2122167
8358805
7743953
6468121
3555563
4428040
3555563
2654943
3886268
2543232
8382148
8139965
2018518
3555563
8822657
3555563
7660935
4798524
9710208
3555563
7276709
733655
2883203
7968777
6570935
2401391
8954824
9563503
7265247
3346570
6290133
7940077
9958226
8439099
3900597
6671657
3133385
8235701
3507499
4847052
5238070
3813546
5005493
1245116
2439221
3555563
3555563
8869936
2458128
840734
2698781
4590496
6810564
3555563
3555563
4405816
6482694
4890006
897508
6593839
3555563
7384121
1455909
8263465
4832223
3147894
3555563
6767062
2726863
3555563
9416853
1629834
7605599
133309
4963968
2468521
3397291
6937296
3555563
2119736
2774816
1768659
4884282
8812350
716405
469808
21121
2073531
3626883
2646793
3555563
1288164
5242093
5255880
6062621
9120194
3555563
3555563
1397877
3555563
3555563
3555563
3555563
3581815
9223340
2066135
8539062
6332329
3432129
3555563
8563034
8389693
1244430
6276613
6854465
4001152
3210952
1405999
9421780
4364911
432810
7611048
5466686
5824510
6750539
2991569
8846810
2562563
2771115
5772999
9495392
1662331
3555563
6193714
5782572
8275796
5534083
8218917
7250709
320014
2501756
8613413
1094210
7070477
3328021
4222355
7219806
6925547
3555563
3555563
2303237
6229501
723547
7278763
3555563
1244055
1704744
1829893
7842537
8352312
3555563
176093
1452206
6173735
7448173
4698101
3555563
7581701
6583182
2351373
3555563
100516
4872161
4733951
837519
3060175
3555563
8152119
3203949
8133407
8076785
7637686
1285057
8003834
836540
7997859
3613473
8564677
4689011
2623945
7740045
7132359
2987861
9158347
9376883
2113603
7037845
7985409
3555563
9834695
3555563
4812827
7419200
5260655
3555563
8535007
8039038
2813832
8216926
2784030
970880
402269
6198470
4285365
3555563
5579055
1253264
5840649
3688126
3736455
178579
6291569
3555563
3555563
3367872
391757
9154871
4189069
3383342
9838038
5839977
9094784
3555563
8709156
1294018
2168635
336556
3555563
3555563
3611152
5031198
9133368
6275796
9352271
9432007
1430459
5049708
3907352
856346
2650952
5167165
3528771
2681502
3784086
2736949
5161627
987827
3555563
3555563
8226100
4954253
3898192
702593
5769570
2965814
7871620
8046368
2336167
7608807
6405244
3166195
3555563
1296262
1690503
570112
3555563
3555563
3745808
1762532
3372852
6536665
1090265
3555563
3555563
7228325
1082025
5721350
6744833
4161996
9472423
8556616
802340
3555563
3555563
9817446
3555563
639057
5473437
273231
9266814
8745924
6745653
3555563
8604818
6153036
4846733
3408675
3246031
8292346
5609959
6429833
1167947
2103044
5820332
6913791
6728671
8075308
8639537
2094090
1146374
6810770
106064
2121311
8750161
6903872
5746675
6635816
3555563
4985370
8788474
3139600
3555563
4779048
3216274
8141974
1526092
8374576
3555563
7457314
2245559
6901601
3555563
9176333
9903187
7800340
3555563
3555563
8989663
576606
3641860
7722367
8269178
5630738
9135377
3555563
7186630
6082795
3804651
6240060
1985084
3555563
3195104
7789416
1260289
4599583
4210574
8966692
3541201
8192936
407892
9337802
4533462
2978816
3555563
5784083
6432615
7691703
5839970
4285833
3555563
3555563
6471776
5113176
6053465
3939835
3555563
7313311
9349155
1521449
9505048
4595499
9221700
3555563
3555563
8809038
3555563
2059692
6078022
8154585
2543081
753516
3555563
3809953
7775496
3555563
767610
7587736
3555563
7069776
3555563
1530873
8841811
5108276
977481
1287716
4529979
8940825
5377875
7052030
4300839
4375908
3555563
1484285
980019
5255448
5499418
3555563
3588166
3555563
6166024
7330340
1351249
3555563
3555563
5508629
7399473
7498135
6046010
3555563
3555563
7744988
6395521
6990647
9783344
7775313
3555563
3555563
3555563
4421045
3555563
5238083
3555563
828486
852451
3555563
3632881
9041001
423251
5968382
3710979
2006591
4913437
2174071
1219275
2264427
8027289
9972252
1274293
3555563
9785029
1686550
2045118
5601098
4227818
185568
3039964
3555563
8548345
1254685
6555602
5253270
859505
3555563
3758384
3555563
3876290
9045139
5743831
3555563
2901801
4057634
817096
3224870
7017113
921212
5220056
7302792
18793
3555563
4240030
6669542
2209721
3684067
2240542
4680159
456068
7342159
3555563
5430858
272463
7783500
4312447
6951120
4049086
6773181
842648
1460850
3851132
3720397
1950317
2426621
8035501
3555563
563574
1926722
6537745
3555563
8023220
1132667
1044946
6287736
7161413
6943444
7823897
788848
9312940
8782215
3555563
4320350
2517701
5386707
3555563
3555563
1965110
4965496
3555563
1414217
2034469
2014477
4597525
1491250
384170
5682267
4848526
6689518
689953
4135299
6059420
6266975
4995009
9587956
798839
6715484
2800577
7481868
5536070
4136380
5307299
3555563
3555563
5407320
3555563
3555563
8602083
3555563
9536734
938316
4399069
3555563
977836
5282184
3555563
3347285
5888229
3555563
3555563
3555563
9269059
3555563
25200
1686474
3555563
9641833
257309
9939555
9102948
5249112
5057390
1830336
5542628
2079880
3591521
5851932
787868
3555563
3555563
7024688
5136154
4423948
6527626
7275226
3555563
4416090
8210647
2497272
9601968
4458201
1353928
7975422
4655074
1604887
3555563
4099147
5045969
4683662
7354806
2011273
9864660
2088073
2710525
8780317
5753907
9897568
3555563
4534463
9110381
3704419
3555563
7521792
1559243
2469821
2615252
6362611
3555563
3555563
4369058
5200127
9811986
219870
3741559
1495585
4293164
2370618
815117
1391404
2862992
2643227
9340036
5253801
1460663
8909793
6036893
3555563
3738270
8401548
4489629
7405192
5400604
5543608
6921596
3555563
3555563
3830946
4109149
3679690
5840130
3555563
3555563
390961
3708751
3555563
3555563
1642359
6503053
5478471
5594032
2946151
3555563
5286850
5041855
9812088
4409715
3665195
386699
2746215
5718674
3555563
302532
3555563
6634604
3555563
3218963
47586
8449887
4713384
3555563
7728882
6900012
2757628
9844475
3250750
855944
3555563
3555563
2257741
217165
9596997
2074434
3555563
1386612
3555563
9335145
5812690
9697246
497402
6933203
5242805
3542616
1459455
3555563
5974642
9100900
3555563
7126340
1295615
896677
6693505
7341623
4490479
3555563
6475365
2687142
3555563
7640
1600484
3555563
9759630
6399264
5759393
9852673
9223226
5256518
3929843
7185933
3555563
6693623
2210136
7230272
1051583
3555563
6393664
8637510
9671152
4122869
1782067
9759021
707884
9088509
5669001
3555563
2708581
3555563
8130922
2304512
8484875
4720930
1444540
3555563
1001577
8837323
1726933
9533144
776255
8398183
3555563
5162773
1448285
7864584
7186063
4648673
1413987
2031628
1857804
3857895
3555563
2030384
8154804
3555563
7482389
8240719
3555563
9752926
9889630
3570232
3555563
3003523
5213282
2689013
3574152
7107674
7638537
3298529
6090947
1695555
5238013
9208307
3996170
7130019
732205
7637588
8410596
1366953
1790296
3555563
2935705
7243653
7579575
3555563
4767832
1166947
933836
3032474
8668596
6073876
9940824
3555563
3555563
3555563
3555563
3555563
8898283
744508
5556211
3001834
6959108
3555563
389402
3485487
3555563
275187
5664607
5344653
31445
3827833
3555563
3555563
8835297
2950120
3555563
7534935
1068478
3555563
1857603
6028460
1207690
4382885
642388
2531416
3555563
9447796
242749
1178448
9036940
2981502
3555563
3555563
7616832
412661
2848177
4597310
3555563
3555563
3851356
4088972
4652391
2516638
3555563
4538750
3555563
3555563
3391912
4079995
9945274
4156585
1949416
3555563
8086805
9126663
9890794
6851879
6305983
3555563
3555563
5171270
3555563
2167920
3220854
4674505
5564310
3555563
1149713
6103981
1731115
3555563
6961591
3555563
541244
3450869
5508968
5125683
9651126
1182864
6421020
2733973
3555563
3555563
3555563
7676993
2539020
171518
5797390
6896623
3555563
2287707
3555563
8725990
1966726
7072789
2473223
5742232
3555563
7354098
3975323
2568204
5884564
3972135
437521
7367793
3555563
3071719
3022586
4814488
2867407
912135
7842428
1073785
3892117
3555563
1988046
2462051
3555563
5758892
3361903
4829267
6976304
4772948
1255310
5983402
1528467
3549364
5251420
7100933
3451073
4184429
6873203
663951
6040128
7508489
3555563
8185046
5365566
99933
1499459
4680570
4074514
3555563
8118653
1065839
3555563
3555563
5633077
3555563
6533538
3555563
8061210
2452627
4388929
9683249
5722549
3555563
9865371
2470132
3555563
3688055
4058159
3555563
7201274
917700
3218673
8667090
7058123
8352994
1840211
9694401
9464748
4910368
642020
3157508
6479957
8831557
5950419
4640328
6887173
3555563
7910951
3555563
4313778
8634181
3555563
8443384
9540503
7020528
8292855
6360
2385473
3555563
3555563
3555563
7169931
2214296
4788159
2579075
565360
1830672
8602271
5605476
771680
3555563
2171431
3242026
104671
206293
8985741
4537889
2205416
6017485
3408819
8356131
7338417
3555563
3555563
6555675
3555563
7742229
4051302
144588
3555563
3555563
1480719
3555563
1913843
9484928
1998311
3555563
7917298
8149670
1503027
7953427
928450
9486962
6134866
2685918
5985262
9315516
1964618
3555563
1710031
3555563
1974222
2321031
7645008
3555563
524778
3555563
3555563
3555563
6838810
3555563
3555563
4939773
8056759
2985894
3555563
571998
1759375
4402851
4959806
1492919
8958125
3555563
5881775
7610574
230030
3803325
1647861
3713692
9518119
1921200
4651497
54745
2173264
6742530
2941517
8717680
4032627
3555563
9717159
3925828
2993243
4660441
3555563
3555563
3747764
3510262
5750321
2907300
3302315
5177794
3555563
1744939
2458386
3555563
1346409
6708888
1502223
988342
5763383
8217699
8920222
6445707
8333345
2904029
3555563
661297
6413721
5281586
2161056
191464
65703
3555563
7382786
8970317
1513625
4365594
4114943
3555563
7537332
7714814
5966940
8699232
8991916
8854253
3555563
3555563
4725376
871908
4085194
5838724
3794322
9380571
395770
3222363
6501814
2478967
9544792
8296313
632689
48940
5404252
7554862
8319963
3799058
6360002
3555563
5110429
4107740
3766061
3555563
3555563
3555563
32510
1144348
5150661
779133
8212084
442460
1449938
3555563
2154352
5204090
7908814
9616981
4139915
9973565
3832371
4557736
1062206
8312006
3555563
3380376
3555563
1016163
1294301
398240
3555563
9109041
8686758
6967682
6741907
3555563
1033629
6262049
8193883
3555563
260736
4550168
6820286
6391564
3188493
1480508
1208487
3161356
329639
3555563
7153987
3555563
3555563
6677889
7061487
9763984
430331
3555563
7594269
1984806
8734593
3555563
3456913
1082156
9100490
8625797
3555563
6029937
6823229
7572650
3555563
3555563
4945950
8113989
9743551
3555563
6542524
4365048
7306883
2644868
7279812
7518030
8123534
4873537
5221892
3555563
3924026
7529644
4090268
315591
3555563
3555563
8235544
3928907
4272359
3555563
5824023
3555563
5620892
5987997
5119964
4119584
6759579
5700546
3555563
7287253
2698519
3555563
7359589
2020066
1732487
1193148
1268800
4058369
2368305
9149155
6768916
4598880
6831556
3555563
7549387
3555563
3555563
5692605
9397754
2183467
6320101
2799101
5805241
3712133
1505371
3555563
9569978
7051875
8800469
3745798
4539451
4517524
1016416
5712742
4380240
3555563
5555433
1629521
764839
5822453
2285271
1447671
757873
9198007
3255024
2064878
3555563
3555563
3105001
8297586
273531
6113714
763962
2091777
2495639
2530056
4086620
3555563
3555563
9352534
2165838
3187272
3555563
7140411
3814919
8817244
3555563
3555563
3555563
8259721
3555563
9798199
3555563
3555563
3555563
2642934
6535745
3555563
7901272
4674961
3555563
253138
3555563
940398
4018697
6528071
8679215
2730511
3816203
4904829
5869042
7083061
9424769
3555563
2937447
7431674
498051
4959378
3568269
3555563
2636163
5980432
7806979
2222268
5044109
3555563
1405891
9841205
9864221
1858926
1048611
3555563
9695847
2991693
6033458
4515174
3843101
5961892
6278557
184481
5437242
7751110
1911702
9838389
1738957
2479385
3172577
3555563
2887131
3045161
3555563
2547963
5956406
3384469
3891694
350721
1943475
9558581
3555563
3555563
1572459
8903273
4800708
3555563
4058102
6177300
3555563
9900250
3555563
2113443
1301701
3555563
9767399
8978348
8116080
9307283
5996435
3555563
8459195
1576554
257075
185916
1831904
3555563
6109572
1814651
3407698
5046071
3730069
2234656
3555563
7650165
3555563
8147234
9063608
4636356
3619179
6315712
4839680
7792295
9476214
9767753
3555563
2735792
3555563
1584472
4245284
3555563
3555563
3889212
7245918
7531781
828729
3555563
9426870
9614507
3555563
416423
4963109
6391486
2552985
8810228
1572495
1173550
2131655
8579545
9413214
3555563
2919369
4518256
3555563
3555563
2628408
3555563
7193677
425008
3555563
5120035
6858904
3555563
3585817
341951
9269101
8291096
8334742
3506912
3555563
3555563
8017295
2282187
3555563
873212
3555563
3555563
3143468
5452654
21161
2430015
3555563
3555563
236210
5193949
7801450
1547105
3555563
3555563
513646
771604
8108231
3555563
9273899
5389132
5551068
112821
3555563
9312490
5961830
3555563
1413873
1908504
1424346
827405
1289525
3555563
9693348
9306749
2771142
3555563
3918915
6181494
7111674
8554813
2571287
4613055
3555563
3555563
1378570
2100152
4860817
2868985
1835621
3555563
3555563
402388
3321733
7796239
787064
9422603
4246100
3322580
8972954
1686452
251632
64465
7186553
5550093
3048946
2114081
6645908
7880590
3555563
2268493
3555563
8460022
239087
925033
7355140
3555563
5482524
1891426
3555563
3555563
2071993
9451702
3964472
7828822
4450761
7861459
845601
3555563
3555563
3555563
4858334
9089261
532179
3555563
4014142
4455330
2430860
543032
8474399
3555563
3555563
2012850
7307156
3555563
6965874
2334584
61117
455879
1462676
4517519
6589430
1836224
249710
1354855
6438960
3555563
4872566
3937096
3548365
3555563
9621897
5596508
3751893
3555563
3555563
3677661
2819954
3555563
543438
8140664
3555563
2226730
7091270
3555563
7856041
3555563
1713952
1439123
2472317
4155370
7050399
8489476
2002197
3555563
7046488
5602382
9157674
4552068
7601471
3555563
8119022
3555563
5959878
9938947
3555563
3555563
3580693
3719229
3555563
8457404
9601768
1325872
3890161
1564765
3349576
3470569
9573446
5354775
1673604
9689433
9770966
6957710
3555563
2206375
4976096
2926469
4669420
887271
5076668
3555563
8290
6798840
3555563
7186702
3555563
7782575
3555563
3697281
2173104
4539247
5756736
2347737
4028109
7330129
7720337
7954772
7595983
6138484
3555563
1055061
6720765
1879137
3308227
3555563
1398802
7378375
8893118
2944351
3555563
3555563
3990118
2624993
1344107
4072784
3112664
2618125
3555563
3555563
4844869
3555563
166620
4991217
3555563
9938510
908562
2595361
8321012
6327268
5542014
5140796
3555563
4528196
3529404
9807979
4521554
9955061
7897281
3528503
3555563
2240306
9011150
3555563
4295389
2628836
1465249
708296
7684542
324106
3555563
709992
2866010
6483334
3555563
5003064
3555563
3555563
7440745
6669593
2974327
434686
7570914
7460991
4996357
6804711
3555563
3555563
1481693
3487669
1472578
4653063
7973279
4244882
1026521
1872288
2335359
8102115
6212465
3889179
1042680
9377505
9181405
3555563
3555563
9009374
8380927
6835819
473818
406857
7766015
4079877
5424779
574710
4989847
8076354
7754960
3555563
7850801
628066
4336003
9821814
667128
2899569
6967407
5269433
3555563
4223113
7170210
6852705
7465901
7998332
6031201
5063611
6246497
3555563
8797330
9158796
4696397
851196
5052119
5782492
1254316
3555563
9074802
9430087
6349600
8817534
8568641
2394957
5333039
3555563
3414290
3555563
9123764
3111759
2134545
8590238
5882934
1313782
1821428
6660062
325191
4934924
6006998
8941183
4963361
9728044
686526
1056734
5381919
3007375
9655590
6647735
1073838
2704865
6209702
3555563
3578608
2259727
3833804
5711390
3555563
3555563
3555563
3555563
3555563
6414905
1703549
3264436
9003402
4230882
5563615
3792858
5669782
953265
599530
7096673
3555563
8198651
7382432
1983170
3555563
3555563
3643733
9028321
3555563
737949
8487203
8501524
5422233
8694654
9874134
5033055
7153514
3555563
4931967
9223919
4242021
4322805
2243302
4167324
3555563
901881
5318098
3555563
4026800
7696045
3555563
3555563
2488479
3555563
9032384
3555563
3555563
7644168
3194418
3086901
3555563
2980744
3555563
5848111
6201263
9726613
9068134
3555563
1978698
2987546
9188638
2701232
3555563
3555563
8863357
27353
3555563
5778550
5962068
3555563
3700014
1358411
138109
7580995
3481676
3344781
8551571
1414679
3518455
1715048
5614434
5552907
4126728
6539180
3555563
3555563
3555563
3555563
3555563
3555563
3180555
431617
3555563
7698179
3555563
6880699
2860829
3161513
9729840
1186752
2419128
9776718
6568179
4593614
3532711
2214062
7307995
5964244
3262737
3555563
3555563
3555563
1473436
3917088
5492076
1090997
3555563
3555563
6845264
990479
626137
3660126
3555563
5812001
2630505
1675473
8524213
7726101
1310118
3576825
9271805
7772073
2780015
20223
3089755
4603159
3555563
685794
3555563
3555563
4316196
3555563
2098829
3555563
437537
1151590
4985067
1810918
4387928
4399573
3555563
3421329
3837157
1494965
7830514
2213669
1514927
3555563
1456269
4926943
9432656
7003516
1817466
1119395
3004789
3555563
9817525
9019883
2981343
9151838
5328
5300888
3555563
7478925
9133259
3247915
6273993
154079
9784313
7207907
3555563
8447504
2078648
4538605
5928862
8519256
7309305
175038
3555563
1680477
3478703
4303226
2179482
9599648
2808934
2896159
755403
2903632
4937060
6150994
7193453
3555563
9846944
9587778
3555563
7596087
3555563
8081151
8304035
3555563
8148056
1168505
3555563
8308582
2185440
3555563
3555563
8613593
5882859
3555563
3742230
7324996
3555563
3504639
7549676
4372535
7535842
2263613
8621370
3555563
8513699
8972901
2857209
2907958
3555563
3555563
558772
7158624
5902593
7574684
2208211
8240438
1651719
735467
8471918
6209509
9404438
8552795
2525728
7183397
7107934
9872983
5761643
4665820
9382825
51689
296192
6681811
7342272
7532629
5219442
3555563
5517937
3555563
3555563
3555563
7304960
5536105
9233295
5424758
7863653
8554093
4851374
3555563
2734999
2193650
4030141
3555563
3555563
8391101
6936474
7612484
4926268
2359133
7243122
2789544
3555563
5611832
2354595
7127420
1206768
1661735
3555563
4087142
1118675
8767419
6918233
1212953
7282773
6253799
6923207
3787566
4253298
3555563
5677508
757784
423661
2733825
3555563
9432335
6619044
3555205
8095607
9581244
3996140
8520984
4083198
6896017
7367578
1640353
3015100
6557492
6417087
3649392
5598309
3555563
8817397
3555563
6726920
7685677
7463734
7130442
3555563
1112301
3555563
8980023
8673988
3941255
3555563
4178606
1322194
3230325
3555563
5135070
6419674
3014746
7308106
6218564
5988399
7339492
7297235
891972
3555563
9097715
3555563
4475155
3555563
6821010
5742767
3555563
3555563
8454076
3555563
8703444
3335537
3555563
3555563
4312656
9000253
7148395
7915435
5724929
3555563
3609678
2195307
3555563
6516111
3555563
9385622
646039
8974866
3555563
625536
4659174
3555563
3555563
6272365
5418226
9167254
8071313
3555563
8382424
3555563
5921777
3555563
3555563
3555563
1949526
3555563
8012564
3555563
3555563
2363293
3248563
8417345
6888613
7296529
8928526
995604
3555563
1739245
9545802
3555563
9722901
2345585
3555563
828235
3555563
6281335
3555563
1961105
5530421
6937958
313016
585220
2375256
650693
1479557
5142490
3768774
9030898
3555563
3555563
1372181
2098754
4994454
3220812
9611073
8543057
8580727
4750367
5534234
7728400
3555563
5939759
9595259
7503789
9783805
8428059
3555563
1007940
8505730
9982484
2496730
3053432
3555563
8006963
3610687
1036537
7668497
8275685
997452
3555563
8397423
6163763
9610673
3017860
3555563
2681581
8844073
7501518
7365137
7998123
3555563
1123063
8940768
2611708
7417759
3555563
6763747
3555563
4445262
8155875
3555563
3555563
4291473
6224267
8092115
5164593
6159659
3555563
9167317
9731548
1622721
3555563
3555563
3555563
5829195
2764910
746036
3106535
590404
7494737
3555563
3555563
7713408
6470639
1568463
2865523
273992
6183773
2354719
9362480
3841738
9276751
6423841
7013474
3491696
3555563
3555563
6395197
3555563
4850280
3555563
8939017
8303329
1856079
2201145
3555563
2789644
3555563
7097755
3555563
4120903
5474660
9677509
6970235
9689720
6522916
7430203
2602406
6131562
9030536
3555563
9079317
2717572
1105291
7538620
8247717
6653127
3553762
7642309
3555563
4813437
9056719
4490594
7548775
551573
4515451
3555563
1437733
3555563
7896680
2339995
9993964
3555563
4836329
7404810
8038613
3004710
1117316
195752
9226824
3555563
2930935
8351226
6852250
5499202
9958897
1957653
50238
3555563
8634841
3555563
455192
9856078
2486241
4175659
9492772
8793251
3472820
9375972
3948233
6405349
6303624
1830791
1537256
19480
6540345
3555563
4839646
6742105
7361995
3555563
2239980
7660328
665648
8447843
2640504
5844160
3555563
6920274
2227212
6743210
7994087
2502544
2654092
9085873
3555563
3555563
595388
1456495
5874292
8303817
3555563
2717927
311460
9361845
3456226
9384714
3555563
3555563
9033844
1226970
4999377
1784755
8622329
8264270
3555563
5149961
4426072
8979116
1544676
6809450
3220667
8790640
5512142
1692308
6292171
3555563
9322591
1552305
9702203
7005213
3555563
526181
3555563
6134213
9662263
949998
3555563
7887838
7314136
9567349
3555563
3626599
3555563
6615123
3246840
4984373
3504262
3555563
624548
5548229
944370
3095360
9333959
7563379
8475752
5140621
119476
5705820
3555563
1164705
4836080
7179937
3555563
3148642
8211917
1819086
7806642
3956234
3350775
3555563
7990382
3555563
4983253
6845827
7651844
1773357
168596
2864998
5605175
9311736
7588234
4322125
8162652
7638834
8710411
5977012
2279183
9866017
3555563
4783700
1035544
3732140
7190467
3555563
3555563
3555563
3555563
8550831
6606509
6891595
3555563
5360662
2827928
714676
4465480
2975076
7634898
8944471
5533529
3555563
5389300
437499
1625190
706132
9606435
2370275
8590749
1488148
7795675
9785567
3555563
6044912
8140884
6114394
3555563
5225499
3555563
6203280
1496704
2348941
3555563
2837051
771348
8075799
6557975
5378653
670302
377596
4453818
7207048
5910252
3555563
7263973
7352581
922446
8753800
387903
3555563
712045
3555563
7704307
1227063
3555563
5702208
3555563
5792637
3555563
8872011
7724830
3402820
1674965
6854965
343071
3555563
4387488
430334
3555563
7163042
5767807
181954
4818380
2177413
955374
7028017
587601
9538358
3555563
1430265
4727204
2654676
2485685
3555563
6414840
6771953
3555563
3555563
743020
9565865
7627067
9345724
3555563
6570615
9739241
4380661
1015721
3810849
433518
7753613
1280236
1249983
9354940
3722236
3356894
1562567
969141
9274406
945743
8757456
3184549
3555563
341064
5378756
7400326
8850607
900824
5673876
3555563
7906162
3555563
2717617
3555563
2253846
1267623
3555563
4877667
4300273
4564383
8600717
9625298
1711915
3555563
1984891
297520
6038448
3555563
3598938
2513991
5393362
163727
1321979
1955541
3037289
2930875
3555563
3555563
3555563
5690734
6028898
5296641
3555563
5034621
4493072
1819031
1982096
3555563
8094136
1978315
1018184
3555563
3896011
235872
4608519
7399611
9446726
8323825
3552054
8035407
2383769
9345586
8989840
8963349
4636520
4571323
1101673
6115329
8862795
4422459
4875337
6267114
3839196
6394133
8256613
6187764
3065666
4805888
4836918
5459667
3555563
7090179
9259461
7074283
6032303
9438499
3455182
6656166
3555563
3498821
9236763
663423
3156330
3555563
7223258
9479767
6932744
3555563
3555563
3555563
665327
1141759
4020029
4997270
5656834
6885071
8381939
8614546
6114190
3242309
3646567
3484119
3049406
4602875
5852315
3888229
5648802
3362969
8890997
4857773
492406
9838698
3499547
4198934
5217837
3622178
617587
6428485
4494768
5526858
2536485
117812
6361644
6971058
9136808
4679090
3555563
7012634
5759138
6638662
1690761
6670695
6874132
1144070
7284999
3342805
4919415
3555563
4634705
6294146
9481349
7178853
1280787
9865062
2293734
3555563
76501
9283428
3555563
3555563
6429000
4837694
236652
7709786
9914030
9258897
7732149
57460
4936645
8561068
6184721
9434887
7378281
3555563
3555563
3555563
4535501
841157
6554118
3555563
8795449
8250390
966780
672394
3555563
3555563
7813097
5239864
3555563
4547449
3555563
8595982
18863
3555563
3438484
3614606
7328526
3555563
6177763
7088513
7302345
1797802
1939886
3555563
5995338
5006155
3267636
834348
3295051
1697767
6923586
2561690
2089602
9972934
3555563
4902581
6508933
4450195
8533588
3555563
495789
9246646
5920311
2036821
6354452
5065584
3555563
6521021
6468721
4426064
2093901
5915172
7945211
2778626
869170
4377424
1641777
4400321
5184487
5731989
3555563
394464
3555563
3555563
4481091
7335638
834770
7261088
3012529
1381288
6280759
6065511
783683
2901341
9726800
3534605
7307728
5089201
8105932
4374851
3555563
5229788
4364139
5356264
5594505
3555563
3555563
5879319
7036849
1796266
2323312
3555563
1142830
916896
1286569
201699
3555563
3555563
1785624
3753525
1396667
3555563
3416382
1492518
5105384
5708114
9039405
3577442
18445
642774
7799067
4104396
3555563
1172698
3348916
4300672
8429783
2182643
2848356
7672823
9267297
9536421
3611519
7070110
3555563
9591408
9195204
8039299
8692914
3555563
4511131
7779544
2115090
4654082
7626388
2818013
8786497
3555563
8819716
2299685
3555563
4939899
2514797
8814100
390263
1900301
3282946
9828629
3555563
857972
6519432
3416236
1140885
8307329
139469
6792096
3555563
3555563
6752116
7307300
1855480
2647465
2277461
3555563
5741310
7091223
4356702
2581260
3555563
7751538
4558078
5580082
2937528
2733942
8378134
6203301
2955228
5351743
3555563
2760720
2897604
4406062
2365431
3555563
5119438
9212245
1256522
9441978
6844764
3555563
3555563
3555563
5130616
3555563
9856273
3555563
5359126
9936239
3814549
7918955
7483198
6031012
3629637
3555563
6127499
8794412
2364721
3555563
5524973
9573474
3555563
5016973
3494863
1482872
4459488
5741480
5907374
7659012
1924166
2524285
1869306
1397402
6598494
3555563
620918
3555563
3555563
3555563
3030322
2397184
7336573
2608402
6855898
3555563
3555563
8771291
7710579
3555563
7247306
3338513
3555563
1995135
1336481
9888227
9575004
8380194
236297
2764917
7308291
109543
3040917
8727628
3555563
2752482
8112702
2853174
3555563
8472363
3209656
6588169
3555563
4115936
4411480
6123410
3710333
7131947
9602037
6237890
5622971
5090119
2526042
4518382
6956062
3555563
1997912
79578
3555563
7451278
7406188
7063643
3555563
3555563
882102
3555563
855485
4820967
3555563
3555563
3905093
1644896
4597814
7343007
3555563
5284413
3555563
4775889
6541508
7267984
3555563
3555563
3798593
250710
1506797
7980701
3555563
8445507
2546832
3332718
9298430
2271617
3555563
3555563
8002180
3555563
5739919
5228912
9269819
9062154
911234
6985072
2254380
4897357
9953069
479144
7987076
6954913
661226
958520
3555563
6520192
7572028
4706189
4880813
7972312
6607971
742214
2748726
8737249
5574839
6194274
6082406
3555563
1697569
988941
3555563
2315228
3520409
70102
3042874
9059762
4259233
3555563
3555563
7688731
3540882
3555563
5797464
188412
3066526
5840866
4562903
8726078
7880578
3606444
9934131
9259160
9042200
3555563
4706650
3179395
3555563
1275063
7922489
639606
7321423
4693595
5483201
3547819
4900596
4276630
6304931
3326091
5992976
1489510
4212623
7548426
2680247
3555563
6728960
776972
9037935
7358054
3555563
4232427
2372200
5642994
292143
8111524
8594407
8422912
6510848
3665279
3555563
5677413
4212419
3555563
6805038
2628987
3371201
3555563
9230028
6081205
6604097
6922990
9875644
2283009
6420383
5800439
6861321
6725389
3653800
7287414
1459236
7956264
3555563
1898126
6884381
8359909
4679747
3164066
3555563
3555563
2524590
2347270
5948278
4936970
3555563
2002583
6911341
416227
3555563
9156569
7101256
8333535
3555563
3555563
875213
7808257
5339842
1502529
9137611
3768576
12476
4043752
9993787
7778593
7045316
3555563
9740847
1854705
6426097
8907
4502117
8473336
7777942
3920919
5974534
408713
9094798
1957503
3555563
2929861
5468255
3555563
6864880
3555563
6499663
464426
3555563
82654
4314133
8653596
8668813
3555563
7505504
3555563
6867053
3555563
4855526
5629013
3555563
9118280
4428638
6105372
3555563
3555563
3555563
2582706
3555563
5354565
9617818
6059966
9441329
9053443
3555563
5447595
1415136
7131483
2081325
3555563
2243272
3568530
6607757
3555563
3286661
3555563
3555563
471540
4637629
3555563
3275797
5312628
8362950
6894899
3555563
3555563
1079326
7574281
724081
9833956
4637495
5965990
9684023
4587168
118280
3555563
6198191
1550705
246413
3555563
1151046
2372126
5255597
7625812
4272296
3555563
312807
6358800
3555563
4262535
5248078
7406217
7090892
4387921
3157034
5022206
3555563
424740
6176269
1198363
3555563
139177
1359422
3312508
2307601
8686412
4649867
9682387
4989717
4812800
4427450
3555563
6373510
6446749
4206757
3915745
7511464
408669
5332790
2222589
5736155
3235214
3318464
4078264
2786413
7942971
7902310
8995443
4798343
8311131
1198368
4284287
6684905
6519523
5647936
13013
9805400
3555563
3555563
6220999
266715
3555563
855575
7716468
9950818
549751
8927482
2890908
9768944
3555563
2563627
3379384
3555563
3555563
3555563
8776044
581728
7715524
8578204
62893
5757148
5530476
3555563
1353265
3555563
1863766
3319543
484409
188633
8571997
904306
7824919
317360
5706046
3453566
1019552
3401215
4262706
8276954
1788047
8405743
1783339
1122821
3555563
4213349
1637386
3555563
799574
4334248
1061977
3721792
8302903
4033276
1419544
8924849
2953629
7988109
2237009
4609555
5328368
1657642
5902198
3340238
9999351
3555563
4458108
5763951
9635660
8190146
898217
862141
5074540
1436906
1871984
3555563
3555563
3555563
6113325
6723061
4869924
3555563
7469595
9473768
3555563
2865257
3083179
1410509
5776750
3195520
8308441
8062362
7237019
7952123
9648328
5065201
6846937
1143947
3555563
3555563
7776798
3264787
535702
4309501
3555563
5634659
7648635
7753686
234611
7464445
5011900
8142333
1718003
7989996
7854834
3555563
9405875
5810709
375522
3139145
7640279
3555563
3589792
3555563
8612833
8696242
1104015
3555563
8511997
1780621
2015199
8450223
4670136
7497812
249522
1121856
3630469
3843573
5594529
8609092
7234065
7294519
9126605
3555563
3140283
3570247
9493885
7377352
549804
7256424
7098706
1657630
2843135
2119255
8436429
5225205
3555563
7612555
3555563
752461
3555563
3617981
3555563
2076707
3555563
6089338
3555563
3555563
1176761
9782547
3555563
3555563
5679858
3555563
3555563
4366061
3555563
472375
3555563
79127
278870
3555563
6469172
8655294
1318815
2906338
3555563
7539531
6267749
6629800
986125
1330149
2568140
3273976
3555563
31343
5762701
7466455
7415346
196817
3184675
2332016
5465972
3555563
3555563
9352387
3313342
3555563
3555563
9865083
3555563
3390228
3555563
3555563
3555563
4508445
9410129
505550
591365
2567277
3555563
8055695
1274665
9209146
7986246
2976317
3555563
5477759
3555563
3555563
1505792
3555563
9849808
3363309
4676243
4868300
3555563
3555563
3414133
3555563
7156613
6190518
7320992
5522252
8677917
9801627
998671
1435260
3555563
4452384
1455223
1017026
3555563
6862124
6467714
3555563
5775552
96279
5758149
3555563
7533480
2835775
7614712
1857270
3555563
814967
3555563
7976347
2983890
4594046
8975559
437729
5769057
4898825
5395906
8128154
739512
8759771
7286410
3555563
7733612
3555563
3555563
7502620
8452831
9614897
7500869
5542772
3555563
3555563
4070646
3788348
8175032
3686393
3492573
3555563
8486813
5722823
9725414
3555563
652649
7751731
2387843
7673908
1765018
6419742
3555563
3555563
3555563
3555563
3743382
3555563
2807650
8249682
6609115
8254442
5075937
6843773
3537085
3555563
8060711
7032082
4481602
2546700
4890139
7260497
3555563
6443258
5397107
3555563
3555563
3555563
2271423
5641254
9530543
2004117
3894428
3555563
358870
8001167
6240071
8438846
181032
1652926
9040380
4861788
2118022
3555563
6078657
3555563
6373591
541824
1880149
8034164
8697390
9855768
4893025
2147678
3555563
285850
1075730
2033943
6899211
1147732
2656258
7353247
3894889
3555563
8028203
7268144
6315588
9769626
3555563
9406504
3555563
9481313
8580646
4919129
3555563
6375799
3438147
228097
273593
3464783
7177473
8625012
3465616
9523189
5187874
5630019
4694547
4511898
7262234
1196736
5833867
8108081
3555563
3555563
2468798
5709603
8959690
1347784
4250332
9165221
3555563
7748787
3681506
2484831
6262671
3555563
3555563
4709133
3555563
1062890
7625876
3555563
2541667
3555563
3457333
606437
3555563
5888759
9203376
8756388
2385442
160503
3555563
9498912
3166406
2938653
1296408
3555563
8501303
5263923
9433934
4242974
5800356
3555563
4480279
2945747
3555563
1779753
6730783
7217160
3555563
3555563
3939287
6670993
7930486
3555563
3555563
773890
5831576
9225180
658025
2415572
9136570
9740066
8632871
6916244
7395259
369643
5251367
3555563
6301006
3555563
2990210
1314709
8355545
7196207
782541
4225543
756202
5833345
3600607
3386948
6191440
3555563
3475528
285620
4536004
3870371
3555563
8615545
3555563
519932
3555563
8257286
7943018
1620507
3555563
5256250
6722944
4765883
3882572
5515512
5552534
3727114
5715368
782375
4144464
8195236
4779843
2843737
3555563
233594
3555563
7626130
1741780
3555563
1504854
6618762
2320669
3266759
9598839
9618272
6465009
3555563
7401887
8748960
5668846
4012462
5216937
87920
4735279
9436485
2750316
8154329
3555563
2162933
6661167
5581028
8946292
245783
3555563
2092466
9275567
5845629
3521482
3182388
5036127
3555563
9950705
2411865
3555563
4575753
4885794
4634028
1516184
3555563
3555563
7691186
3555563
6944794
8264649
6781322
3150195
4567344
1690663
3555563
2449843
19903
9658752
7897918
602243
2398767
3555563
7268521
3555563
7137547
3007183
4499284
3555563
185414
4589239
1529482
1888204
5247963
7098598
3555563
3555563
3555563
2294861
7758
698373
9614425
3555563
7498351
8491059
858274
2347661
6312384
8640383
506147
2419061
5940365
7353612
4090451
3555563
2536376
3555563
3053918
3349562
5414505
3555563
3595554
7192025
2213023
2639928
913782
6156270
3555563
3555563
8631135
3332103
5227478
5034847
9677489
3555563
3555563
6446560
4788767
2973152
6209417
4221695
4920561
3857870
8897524
5389358
4378096
5680106
3555563
3555563
6226429
3555563
2881268
3555563
4844993
3555563
4482477
2229695
3555563
3555563
3555563
3555563
5611989
6660680
3555563
9476087
2099039
2333927
1622703
1181865
3555563
8194809
6970949
9484374
2816392
2782175
3065111
1359746
5023114
4583281
7568130
5035128
5324663
8367416
9597860
3555563
7046539
3555563
8904289
2454025
3555563
3555563
4860676
8964271
3555563
3555563
3555563
3555563
3555563
7592693
1468428
5345804
2899923
2523156
4097913
5892650
8486487
4946082
8371818
437795
7136835
8473483
3555563
7684312
757797
8623579
4950135
8616273
6390129
9726602
3373739
1481556
486510
3555563
3067490
9570649
8793806
1934515
5410322
4135255
1422927
417416
2550682
9402968
4612222
3555563
2793105
3555563
3555563
4900481
3555563
7160873
2575110
3555563
4077131
1116498
4500833
7646538
3376376
7555772
3555563
3218972
3555563
3555563
3555563
702307
5161528
6485441
4843752
1336050
1850598
1688393
9366163
3555563
3555563
8376553
2852893
5006463
9959270
8324473
5485643
3555563
6575653
3555563
3555563
6172114
3555563
5341846
6050713
8466686
8319011
8666590
375203
5999752
29968
3555563
2675995
3555563
2446908
3555563
7047343
3555563
443710
7505532
3555563
6927961
3978733
9683613
2973450
6404913
2729468
4252340
7611897
2383433
8193104
3555563
202806
849179
3555563
3555563
5595204
1581493
23320
3555563
8799790
2708938
3555563
9214426
3555563
1026905
3555563
2123248
9856779
70312
3555563
2311627
9080382
5106895
7563238
4299407
6311667
7063968
7701512
1225846
3555563
3555563
3555563
3555563
214224
5040146
2239308
4759104
3555563
6218941
2421680
6230953
8065229
1274837
3555563
8950512
9470577
2893697
3555563
6930867
6541068
9377401
4046756
9748470
3267547
2411037
9363044
709102
3510096
6538646
9423001
5097479
478104
3555563
9288917
5223873
413302
3392870
5715188
619736
6193103
5543461
3836108
8133133
3555563
8327803
1267035
8554231
2593622
4530523
4071605
2090564
8098248
6062495
4501093
1777103
6130314
7746488
3555563
7272426
3555563
9734724
9700359
2017540
7386319
68784
2336463
7929903
3555563
2862910
3527111
3555563
9610194
5129699
1535944
2010601
3479165
8621676
2629186
7996787
6870682
9579869
7868837
5039539
9999533
3555563
3555563
8949026
9630778
5107997
4657323
8301095
7120256
7503359
8939611
4231639
1010630
2139353
817567
37841
7829258
5839098
870446
7363128
9699608
647028
7587475
1344624
7280111
3555563
4133825
8339927
8978453
7423896
4059272
3245109
6688765
6990399
3555563
5151372
5408106
4361025
2651116
631291
5931625
7695208
456763
5285972
3555563
9715902
3374199
1235234
3555563
1081224
6850243
3555563
3555563
7356672
4830556
9087958
3555563
1964386
370316
1844898
3555563
1802963
6968363
3455572
8518837
2124704
3555563
3336146
2435853
4734061
1862414
5161957
3555563
3555563
9956996
1969393
9837044
8852834
1331512
3680754
9030436
5774427
3555563
8633431
3555563
7671247
8953329
263627
3555563
3555563
7994972
8386936
2310903
6032103
6300745
2490850
3555563
4388774
9155704
7758775
4969315
5182068
2459059
2673309
1222196
434030
2657984
2245681
6288398
8491111
7638066
2055844
9961013
4311887
3555563
6360501
3555563
6770645
4959665
7290275
2874697
5181236
3555563
9596930
3555563
935002
4981532
8522832
6049655
7938384
2408287
4215031
8336314
747407
6509932
4959943
1637722
8994596
3555563
8121702
4832766
3321404
2808415
9416682
5946052
8997468
961770
9184675
7838611
2561726
8898177
3732925
905208
7626804
6552555
2490635
8912080
9020263
680889
3555563
8015649
3619993
4845875
8984047
2190326
3555563
3605603
3555563
3438141
1663572
7346622
3555563
3555563
3555563
6919900
3555563
3555563
5141979
8338632
4891685
9523709
7791522
4196116
996608
3555563
3924068
4826828
3918331
1281622
3555563
7001968
9214964
3555563
4871432
6425643
1007123
5860134
9473992
334749
8999176
9570722
5458887
4666843
9724732
3555563
3555563
7644056
2143787
9541973
3555563
6216500
5654524
3555563
8394954
9316380
7298689
7451271
8159330
5357298
8152286
1041563
3688020
1158800
4699370
1168164
4866152
3864527
2258138
3555563
5606821
2950318
4831304
5148310
2027508
1386678
1485814
3555563
9937530
3555563
2023434
4026517
9266535
3555563
836621
8574242
43892
4315243
6799692
8451855
7441683
9367550
3555563
3830990
3555563
2617219
1128286
4070900
3555563
5329068
4547468
4382550
7684171
3555563
3555563
9719412
9185884
3621768
3555563
8396798
7509093
6323125
5764752
7753547
1847729
3555563
9067442
3555563
994238
2698701
3555563
6453498
7539756
7825177
3555563
5839835
9799275
3555563
9919851
3555563
9914165
7451508
6216614
5752520
7163692
973474
7910201
2645618
3555563
9692452
3509655
3388628
3555563
9915337
5712940
6337055
1409039
2003065
5368769
136839
3555563
3555563
5597489
8844621
3555563
6520615
7343928
9815288
8229824
4837393
3006796
3211050
2806355
7255178
292027
3555563
3854426
7139933
4017416
3555563
3555563
1977589
3555563
3134454
5784702
7757945
4058655
1260676
7496412
5792000
6779112
6016769
2708554
3555563
1254714
5962963
2827891
2369429
776548
7839127
8692720
1887659
645155
3286650
5045974
8200750
7566895
4385979
3555563
2414632
5239882
3555563
4211798
3555563
4073153
5734222
1244792
9184035
2639666
2192726
3785324
3555563
17747
3555563
8024584
707117
6481940
1528580
3555563
709534
7001114
6708762
2048336
5405813
3555563
3555563
3555563
4062682
3555563
1777264
3555563
5361260
1463829
9258252
7070773
5280307
8348366
5533961
3295823
2718082
5906891
2362882
8386996
6523973
3555563
7191211
1453009
8218151
7140196
7118021
1670902
234941
7717970
8839047
3388731
3555563
3555563
1575160
5515354
9242221
5151363
2434553
843838
4971752
8807175
4137296
3823382
4814928
612291
3555563
3555563
4458568
5500066
2404088
6006840
6558861
350000
5733531
3555563
4549479
3555563
7693488
1757500
4355459
8951383
3555563
2005057
2430008
3555563
3794705
2126998
4621019
4601507
2079772
9192066
3944654
5733372
5364159
1106196
9020919
692120
2384857
2659035
4981283
1981377
1802479
3555563
8375866
8316761
7823801
9625140
1389256
3555563
8468309
8704932
8099062
2520482
5044635
3555563
3555563
6199324
3555563
4900472
1480291
3780073
110073
6716631
1419614
2816339
8832495
3274721
3555563
1341868
8043660
4782913
6886330
3555563
7909176
3555563
3555563
3555563
3555563
3555563
7556994
8347854
19835
6894521
3317508
9184712
1356877
8375059
1265055
321734
3555563
3548288
9304704
6799290
7034526
6236165
7571781
3555563
5005596
7324312
5705153
4846536
4455590
1164351
8104307
3555563
2189742
3614262
8169575
8627019
7930119
7527199
8591015
3555563
2612208
1576356
5432905
9527740
328751
8852989
3881931
3707872
9539101
4981642
520504
2052067
7756724
4604285
6616018
3871738
3455526
3864510
540786
7259296
2174239
9656420
3555563
4259615
8364230
4797146
1823632
1336603
3555563
3555563
3201418
4804182
1553642
9009727
7682312
200895
3555563
3554609
8244714
4622718
3555563
9485957
3537095
4909175
4651561
2857489
1331947
3555563
3555563
8821464
8390711
4347677
3555563
8805639
3417023
7146672
3555563
3555563
2219745
2311183
3555563
3555563
3825514
343685
3465375
5326235
6924228
3308713
3372683
3555563
388436
3027018
3555563
3555563
3587665
3081791
695840
3936070
663397
3555563
6079488
1351735
1880552
2878922
7025071
8923544
1738721
7867137
4813081
3954830
6365544
5481606
9912615
4375150
2806548
3555563
4470324
3555563
6395845
8217723
5867908
3555563
3555563
3555563
4831093
3555563
96820
3555563
1174051
662736
5337654
359306
2597222
3998549
7584652
3778340
1840617
9615320
9262278
3555563
8423484
8564962
3555563
3117610
8742210
5866165
6396991
4710838
3100250
7743280
3929372
5679230
4576267
1756747
1783652
4479055
2010634
5272182
5022896
3555563
3555563
2710616
3555563
1115382
9874682
4392939
2953559
9210067
4240342
3555563
189951
5689113
9881753
1910857
4613255
3519636
3555563
2407924
3555563
3143168
5455118
4760909
3704635
4498968
3555563
226320
8256756
5235703
8601105
928375
488835
3555563
6390261
7901639
6335831
991872
623829
5668025
8270562
2016154
7397099
7922347
2405234
9667086
4894204
9675893
6710494
3555563
8049662
3648410
5103561
6774861
3065643
3555563
3555563
2882942
8708720
6977097
8431807
3555563
1694670
3555563
5126014
8464499
3683565
1967679
1860293
3555563
4435679
4949770
3555563
7125877
4833189
3555563
7433533
4569218
8531615
6846624
3555563
4114662
3555563
3996320
2992088
5929901
6870604
2225543
1326754
1226288
3598817
2446603
6805086
6502377
5099685
3555563
3555563
1911471
7055792
3555563
4980353
1473469
2001504
1822619
625831
1091125
903971
2002381
2768634
3190302
513386
1312578
3555563
6644805
6142817
3000255
787876
7314753
1782721
6323093
6097157
1160438
6677059
2978487
3555563
8452866
3518516
6121426
1514819
3555563
6397206
3555563
3555563
3555563
3555563
2931768
6725104
3199726
3555563
3676027
2891171
6423286
9731516
2572520
4712518
7050994
4800925
3876522
8844103
1759342
7895011
4639651
4644715
9002002
1825969
6886986
3555563
3555563
3555563
5515845
1122347
3555563
4550923
579100
8012071
183510
6852351
4834626
9082267
3555563
867270
8935853
1509445
2467427
3962914
3068503
5491832
3555563
3555563
9563134
4500290
6738569
430680
3555563
4011068
3555563
3555563
3748926
3555563
3555563
7836581
3807778
2292499
2860802
855473
3555563
3555563
3411746
8764476
3555563
3894069
3555563
2201281
8542516
6164442
853049
5052549
6230960
8686990
5442793
5938265
6278767
7217809
3116776
7834253
6512121
3214346
3283478
3555563
5923505
3555563
8209549
5350217
7330619
3555563
2978334
9973722
3555563
1336855
3555563
8967340
6057387
920756
6691059
3555563
8388984
3555563
5391957
3555563
3824593
7388540
3555563
3555563
9485156
6274691
9062666
9532150
3591042
6790603
6386913
346425
3555563
8589623
5517363
5180767
7040985
8357513
791587
3834707
6883788
3555563
974965
5905257
3555563
7603553
2145281
2575107
8200759
3555563
8262406
2320850
2309626
3555563
5134552
7108757
9125945
3555563
2338843
2972287
3555563
5267393
7744614
3555563
2644373
8163577
9071698
6080857
8701248
4030682
3555563
5549290
2933975
464141
2121235
954258
9783483
822831
2430617
3552786
850576
4218461
4962382
3555563
7106535
7781363
3555563
2059721
928699
5885950
8890392
1396895
3555563
7497172
5046638
4955777
5492276
8674783
5534806
4069884
3555563
3555563
3642334
3555563
2993499
4591803
8292727
7998131
3555563
3555563
3727843
3555563
3556975
3109251
3555563
2896699
736077
3824200
1979430
8958204
217851
6330702
3379073
7941942
7641916
5106166
7347777
6957057
5966642
3527269
5531634
2466269
1454509
5881058
7965311
1009850
3555563
3832135
3347936
3511313
4254093
5841606
1508777
3555563
3555563
8759085
9950583
1788743
2551417
3555563
1671711
3555563
1344678
6090542
4190214
9425011
3555563
9193266
3555563
227423
6004436
8072652
2999577
3081503
8598325
3555563
24276
1407894
9206663
96278
5054343
4942832
3561748
7306097
243043
971407
3555563
7604755
2746056
3456487
3555563
502793
8999810
3555563
3555563
2798743
8252411
385865
7130238
7289260
3555563
6033387
5407764
1847565
7807949
6485042
4900486
2947282
5661640
5351619
1185635
2356121
3242069
221845
2677729
1674029
8565948
639691
3555563
3555563
3555563
4039976
2762000
3555563
677221
8854934
6770641
2000678
9850075
381907
9198233
5683695
5593159
3555563
3945907
4064039
4780414
9722622
7147467
2799328
3555563
5091572
215903
3555563
4120845
5270669
3555563
3840702
3799232
3809243
6799608
9623072
448503
3555563
7786018
533924
1194801
3555563
4284004
8177552
3668640
7005863
5309142
163291
683834
3555563
7811107
5542063
9946411
6259825
9921435
6009074
7404016
3555563
6078307
3555563
556628
172661
3400275
7166528
4692004
3555563
1148257
3555563
8994023
719587
8499594
7203427
9029512
3555563
4499456
7518471
1088576
8385710
2117546
3555563
3465306
6023653
6259548
1918948
3555563
1155976
4245787
7769365
3452911
6565547
6170797
3512144
3044221
3825913
2986396
3555563
5413267
3555563
3555563
9064422
3555563
3555563
1862694
3321126
5288471
3555563
4194163
3555563
3555563
3555563
6899523
3555563
3970360
8746188
5196251
3555563
5095431
2322826
6166858
3555563
6989466
9636050
6147680
1269147
9725412
4031692
3555563
3555563
3555563
5893406
3316952
3555563
7620606
3555563
5936284
3157361
6935386
7104180
278106
3555563
3555563
4353222
3555563
144534
3555563
3555563
1009736
6368513
3663195
8574727
6784293
8310533
1845741
3555563
7887631
787119
5852363
3555563
3555563
2988166
6081128
4717210
7961916
3555563
3555563
3555563
3884211
3768512
6500917
8770453
9607827
3888661
4318696
2645997
3555563
8029871
6128925
2792560
1170899
9995523
3555563
6341583
7933358
4464455
2200930
9674245
5308744
1079537
9548237
3415718
3555563
4463974
3555563
7771060
4803078
6933621
7708963
3906606
1688522
2985304
543212
761870
9376208
7546995
4870047
3555563
6080532
7056563
3375946
2837777
5095566
2001972
550091
3555563
84123
7293853
9461956
2362145
1412681
3555563
3555563
300643
8513204
4681866
8389326
2388782
29125
2839990
3555563
1532665
4161207
3555563
9367772
7800505
2392891
3555563
2341733
3555563
5658842
3555563
8409179
2171589
3555563
3555563
225263
3555563
1414404
3555563
5677735
1743868
5384331
6126286
6319143
3555563
6667482
3555563
1053759
4770927
4487758
5047555
7567051
3555563
3555563
6732574
987221
3555563
1234691
3555563
7078738
3555563
8695856
1766811
3371138
3555563
4414102
227750
3995230
5602972
5992854
265046
99984
9627380
3555563
5659581
2556705
9169857
319920
3555563
6333981
5628826
8724683
1282929
1162856
8920174
2897494
5230731
9356849
8473502
6560477
2400609
4464940
6424481
9609362
3555563
3555563
3555563
31574
4150686
3041510
1770864
5071819
1698485
2768900
3555563
5530370
4571185
6631828
2619298
6211754
3555563
3555563
9097629
3555563
3555563
3555563
57894
4527743
6518502
2819971
2690213
6269208
8267943
6465384
9077325
2697313
4027521
2929840
1022747
3555563
5556776
704805
3145701
3555563
1004397
1754648
2321160
1864938
3225698
643216
3555563
2305605
3737898
5055312
2154300
4054763
3555563
3555563
8188316
4699748
6711536
3322887
7654327
8408012
5525709
6569211
3555563
8605675
3555563
3555563
1587362
7929248
3985490
1461558
8238813
6862732
4202988
8027540
9978472
3555563
2595387
3555563
3555563
4537771
3555563
3555563
3555563
8332812
3555563
3555563
6834341
7769122
9557822
2552495
3555563
6573716
8887291
3393940
8122431
6545039
1031978
1196973
6629833
3555563
2761670
8315822
2351469
8005301
8084752
3582264
2157366
7174294
8757027
7635392
6045799
1445030
3525433
5612729
3555563
5712564
8747140
4880300
5765651
9636109
4344925
575669
7604289
3555563
868332
3555563
3599973
5001387
1177422
2412159
8897572
5719225
6442981
9430497
8166533
8303271
9915372
1202160
5958541
8350360
5829341
5874282
4600637
2314165
1122733
7339532
3555563
8132598
2074684
4951542
3131165
5433279
2339739
2946836
209837
3555563
3459070
1639355
5260981
3186505
4589180
4574942
4828855
3555563
7099812
7773636
3872292
9033042
5640095
8861585
9496730
8168404
1645128
8349451
9113136
1687322
6313885
8807395
3555563
565768
1902540
5379133
9743825
3555563
3553211
1776876
8471514
7571317
3555563
954504
5339668
3555563
4552058
3509183
23849
8783451
3555563
3555563
3087085
4707497
6970425
3555563
9076957
5444593
3711085
3555563
2664818
2968674
3555563
2090012
6261081
8329815
3145847
1173575
8866645
8414232
4086602
2170958
7321257
8080703
3572975
2014021
651031
3555563
3270201
4588320
2224204
6422409
7639849
3555563
7615698
6902483
3555563
544006
9988984
6613405
9449920
248359
1728026
6993883
6559670
7558022
4172979
3555563
1278338
5685431
3555563
1089854
3244702
8380013
9453162
3555563
6494867
7161648
9071218
2665058
4356468
4206935
8937336
6935811
3555563
8095670
2562849
9702572
8709055
2756058
3560469
521785
3555563
3555563
6045328
7190141
5150450
759990
3690220
5261613
1615469
7100018
3846725
5920096
8053565
2776258
3555563
3555563
2598115
1007486
3331015
3555563
3555563
8185774
7886604
9397156
380876
8568001
1215302
6231444
3480531
7469106
7956134
288846
6518446
3555563
3531995
1202556
3555563
3390861
941401
3716130
9776556
2926793
4451711
7372759
5362086
153595
6001499
5291706
3555563
3555563
3555563
4791452
63464
4790124
3555563
7921107
3555563
2863814
3555563
3869793
7162304
8610106
4471922
1115212
5117683
5608404
4502079
1334845
7617113
3555563
3555563
3100192
5982298
8425031
239026
3555563
4244620
1170740
2948033
4598293
4430413
3707114
3555563
2434290
3917187
4433118
7659905
3555563
7131584
7432808
5453324
3952685
134471
3555563
4671715
188279
2534730
9013664
2365600
3555563
3555563
143967
6057547
2062651
3555563
3610542
1946969
3555563
376575
7482729
6995599
3555563
2858282
648029
2323252
3555563
863532
1666573
9693425
3555563
8304004
7736593
250693
4858405
2365226
3555563
9795982
6550407
3555563
3555563
3812656
7932177
8643602
183314
4008217
8774152
6859907
3555563
3193077
1524672
6891282
8012321
3555563
3027031
3039532
3555563
3555563
6965784
3555563
3555563
1452647
7608161
1977495
3555563
3555563
2035166
8180592
1975630
508428
546575
1659365
7536576
298884
2456180
5889527
3555563
5272191
5147434
3292948
3555563
3555563
5204770
1010482
3555563
7746057
9236808
4017066
5926402
7464739
3701627
1244378
7573665
3020890
4539748
4877842
6325433
4104576
3555563
2363931
6194091
6644573
2266826
7625965
1531033
9164809
346067
7898804
8713854
9563458
6636279
1830497
6594835
7418669
8557513
3555563
8347848
9889028
5002932
3229476
2955486
9938141
8509790
3555563
3555563
7441842
8768493
9997475
6558192
1454354
9359243
3555563
9872666
3555563
3555563
7291488
