8266000
6741145
4852423
8266000
4452502
2168822
8266000
2384616
8266000
256425
8266000
8266000
8266000
1504839
7404562
7338926
8266000
7083473
7790698
6913304
1705578
7756467
8266000
9928401
9572521
2874625
845504
7752997
8266000
8266000
3361126
5031569
7554555
9350808
6055460
2130117
9420558
8266000
8266000
8266000
3848687
1674639
8073150
6957190
8266000
5376263
5622294
9074743
8266000
8266000
8266000
702709
8266000
3451892
2990996
8266000
6307181
8266000
3820652
8266000
1580818
8490360
8266000
8101592
413711
7680856
2733834
8266000
8266000
5381165
1563034
4035775
8266000
6510825
1968192
7481895
8556910
1112750
8081430
8266000
8266000
8266000
2595142
8266000
8266000
8266000
8266000
4535022
8266000
7819140
8266000
7073214
1027193
8266000
8266000
8266000
9880804
8646239
8266000
8266000
