6903380
8027773
5948204
9247971
8340520
2452986
5409870
900440
6228705
9016413
9016413
9016413
7606980
2924559
1761233
726849
9296432
9016413
6083647
9016413
9324200
2470177
5558521
8447259
1093121
9016413
1904626
5057272
4573523
9016618
6938694
3766261
6891755
6021058
7784071
1996678
9390016
9016413
1212876
6251430
5328288
6180058
9016413
2585641
1093211
2007872
7604802
1929349
2688721
944323
4265215
8600650
7544681
9016413
448598
2680053
4492529
8033706
8544787
9623342
8784816
9016413
9048769
8529556
1623468
4881744
9976719
9670372
4187251
9016413
6763154
7900020
5097885
7795111
1284518
6460116
1160663
9016413
9797849
9016413
9741447
4002955
9701865
2909791
4849150
5511754
7269793
3309065
1525065
9016413
4618040
689151
9016413
5163475
732262
6698704
2604440
3611688
9016413
9016413
5070875
9016413
9016413
3706857
1347554
9016413
3798673
1577185
9619433
9558502
5583273
69595
5896996
5587055
5869021
3559745
9016413
8683500
5382206
3897459
9016413
5248489
9016413
314754
4643804
5327115
9113937
922744
5025468
8457618
6308504
7786808
7397254
1522122
7519475
9016413
575660
2115377
9016413
448559
3519619
6196275
8469620
9016413
9266412
9514542
9016413
2479377
9562160
6031240
2561901
213160
9887089
722907
7428345
6237934
2883271
4715113
7741915
6972588
7478107
8439435
9016413
9016413
8645480
2113889
5616311
6096180
7933654
3130444
4860277
3162982
4840427
6564725
1059147
4587088
6281372
1388398
4393387
8413546
6567074
2585382
7239902
8448596
9016413
3089929
8991827
1995713
5896813
9191109
1269503
4602421
8530356
4405496
6612479
411790
8028236
2871429
2512947
6968463
8355693
4128259
3989842
9016413
5384585
4893621
1205254
9016413
9016413
9016413
9078282
9016413
4647818
9016413
1645316
7474571
3748204
7055026
9016413
2900635
4006073
9016413
8252405
9864644
6561684
9122755
7063244
1356067
2135550
2595893
7995812
8698581
8249063
7364987
3560284
3836102
9016413
3920401
812808
9035133
1753211
117543
514567
6726957
238603
1700500
9016413
5579802
8068901
1713660
6385971
3011356
4690255
9016413
9016413
9016413
8484403
9016413
7601059
9016413
936790
8396317
207073
9016413
7784878
9359913
9016413
724299
694809
2104984
7310196
1313918
5153276
1278412
4290808
3539853
3433648
1288765
9016413
4735418
2561862
831582
3611441
9614948
5301650
9016413
4645476
9016413
9016413
6175856
6133119
2345458
9016413
9016413
6925732
9285231
5962001
7866912
9559878
7695649
3150056
5911066
8405087
9016413
9294976
2103534
1699208
7153592
4045005
4915766
9016413
6286568
5158420
4578422
7848665
6813308
7331052
2974392
5118045
57280
3609565
9826486
8306919
9016413
4304418
9488024
460279
645768
2811523
5036413
8970668
4409773
6192960
9110370
2956911
3479765
9016413
676404
9016413
6053021
9016413
3404352
9016413
9016413
6623425
6811979
2498861
273452
9016413
2439061
3233863
7926649
6673516
1619381
5642076
9016413
1212993
8637180
1885366
7451719
5176345
9016413
7238607
5247193
9395180
8455437
2769552
5004670
9683105
963522
3805814
3540452
9016413
9016413
5123684
9016413
2955990
4000231
6148556
3006954
9016413
3316258
9841853
2483390
9016413
912478
9345423
2224712
8996289
7251067
2246009
7529309
646034
7943168
1151965
9016413
9016413
4899687
9016413
3379010
1765206
9028619
7174075
8131244
9016413
9182509
372947
7949746
3528778
9076286
9016413
9016413
531240
5495831
9016413
9052418
3091839
8596458
3145638
1535782
9016413
9016413
9016413
7828919
9016413
9016413
2609630
6734566
1124708
7361276
8271382
9016413
1655220
2367372
9016413
9016413
710111
5566918
1328008
7961993
7262506
9016413
4638494
6542946
253069
9016413
2301996
9750720
9016413
8862200
1146645
1535703
721955
8114138
8069852
9601883
6558200
2511191
3574347
6905801
7273876
2457814
3071605
993214
6295439
769048
9016413
1135777
9016413
4607823
9016413
5105820
8629582
8408580
7420072
1588777
102583
4928434
4537515
9016413
2606560
7727179
9016413
6736718
2498075
8064207
7560105
353589
3182938
9016413
5444508
8058932
4807076
5071768
8721069
7507139
9016413
3352162
7730746
4863989
7840944
6200070
2386806
9016413
4931059
1515706
2562543
5557845
8756249
3362875
1521674
7174249
1737260
4889647
5321648
5317620
5787851
9016413
9016413
9016413
1816394
7856136
5982687
9016413
1351366
7712753
3045038
9016413
7608441
9016413
9016413
989952
257011
9016413
9231136
6732243
4483625
3638760
2160191
4799497
8364498
2814681
170156
8707105
1590850
7414428
9016413
6627174
9537695
2107349
1415712
7883715
9016413
5451377
7861418
9016413
8675221
8671244
7739536
8238080
4612299
4010061
4851415
3608237
4791864
9246903
4726306
4554805
8435686
974335
339676
4874129
5371600
5966377
9016413
1592659
1821121
9016413
940874
8793360
3785699
5149621
47059
9016413
2447871
1810439
9016413
9016413
1101041
678016
9016413
1303915
1917481
9016413
2849616
9016413
9016413
7863032
5331300
2362432
6948
9016413
9750700
9016413
7482499
9016413
3136557
2999752
9898790
1816284
2655662
8217444
696160
9016413
5115864
4860313
3118208
6427137
271897
9016413
9016413
8474418
605031
4494718
9913307
4242540
1717705
9016413
1582682
2672539
2769291
902652
2991826
2489728
9016413
5871113
9016413
2047542
9864097
9016413
6674301
9016413
4102796
8300476
9016413
8784079
6994054
4407541
1394720
9016413
9356909
1226206
8812259
6704300
9385580
9016413
3495786
9111648
6240514
7670555
1722219
679562
3109290
1437872
123307
7695733
9016413
6279851
9016413
9016413
9802122
5005813
8554547
2731174
8771442
8477701
6561023
9016413
1863510
9016413
9016413
9016413
3221759
8711898
4801786
3725998
7035300
9016413
7947196
3090466
9897983
7960573
7163366
9016413
9016413
2565067
1846380
9016413
8284642
1005449
2406504
7060828
4822566
5192911
1557093
1688869
8251389
9016413
4070758
4990537
2745422
9016413
988403
5082172
7270345
7906865
6294444
3653701
6623295
9621246
7692725
3432553
9016413
3943615
9016413
6593497
4532367
5300473
558980
2550298
3049017
9016413
9016413
5272386
502204
9016413
4970154
1682652
1756366
7657874
6643175
9232305
9093399
9016413
6783851
9016413
9016413
9016413
3496054
3819988
8655885
6321426
4579438
365054
9016413
9602004
8307655
4274016
8804026
9016413
7757944
9016413
9016413
7812164
8582892
4168736
3325114
9016413
322188
5145704
9016413
521643
9016413
9016413
8753784
4966161
8062753
214080
543693
9016413
5914599
2657917
1810973
5303315
5875146
3640457
7717608
9878802
5643756
3382636
4952827
9648666
4158937
2540369
9016413
9016413
2700856
9016413
9583252
5509804
6589347
9286841
6465435
4475149
11814
4579179
3834717
4315232
8886429
7482258
5609292
2416566
5373932
5178883
8287736
1898232
8065124
9016413
9788970
6672006
1764692
9016413
9826736
439551
5822399
3085598
3843217
9016413
2703981
9628285
9016413
2228533
8504329
1907639
2695781
2940716
709457
8862015
9016413
4202987
9016413
7276491
9904664
8709044
9016413
9016413
4466791
8410222
7499778
9892593
6911396
244334
8145177
3130228
3566949
4172145
80516
3237547
5732423
4449196
9016413
6463483
1135467
4595422
9016413
3585126
3936097
1139407
8431195
5374977
3881356
9016413
7507505
4820104
9016413
6349250
4231571
8709409
6268260
2094642
2247811
5456679
8857430
96506
7378202
9016413
7551211
9016413
3326818
2110567
9016413
9016413
4861228
9016413
2139464
4601401
8057541
7141424
2999295
4490143
2571376
2080769
9016413
9041190
6342887
6418904
9016413
9016413
6384081
8265445
7190768
9016413
9016413
9016413
9016413
8513572
1028215
6442506
9099423
7314165
725305
1374467
3566920
7213723
9016413
7336678
5150957
1243623
3222302
6795025
8768664
7875728
3054012
4393283
5362415
2339736
1264737
7937590
1301686
7078382
1391359
1799672
7618433
5779270
8969958
7395518
6423139
3494582
9016413
3283089
9016413
9016413
9016413
5316467
4097116
5635947
8496738
1613858
5753675
9251881
758939
8246226
1122398
2663124
2251506
3476227
2546909
7085344
9828889
6925186
3369629
3055051
7994089
6134250
9213357
5185241
6501781
169049
7150325
7847845
8283065
4018335
5287625
3794150
1989161
5128886
9016413
5179294
3654328
9016413
9016413
9024805
9016413
2783080
8870958
4758529
538950
7041776
9016413
615559
8815479
2157891
8193627
9016413
6481
2512135
5433887
8682569
8337687
7142621
9342067
675409
4234174
5890333
231189
7844097
9016413
3198007
6829825
7176110
9016413
9016413
9835628
9376704
7002804
1021107
4129019
2266500
8918343
9016413
9016413
7708354
8313713
2981728
9016413
6492065
1059251
912556
1526187
9788770
9834260
9016413
5798615
7536396
5731072
8375131
9016413
1801681
9568914
293821
5090669
9076831
2043896
6273178
7196715
8993345
9016413
9016413
7859468
4768360
5048160
7025340
9466509
4438377
6940185
9016413
3423243
9016413
2930204
8411520
4644804
9894453
3613186
9016413
3006098
9016413
3229170
6358936
3545884
9016413
7645654
7643480
2702162
3922015
2336702
3160299
3867230
6006043
974144
9089812
3891395
9016413
9864933
9016413
9692795
9016413
3480683
5185993
7557164
7691298
6404313
6075078
3627952
2551209
5085060
824467
7803214
6536985
496755
3694849
9016413
3563311
5236858
1378201
9016413
6055063
9016413
9016413
9358583
5133950
8675769
7391296
3556921
1475433
127927
9016413
5060840
9016413
4736617
7889710
9016413
839950
6499617
9793286
2881946
4358151
8606558
259435
4336260
3737148
3576520
4139258
2888770
5096815
7896983
8492775
7635011
9016413
864476
6889399
1575135
7433093
1626179
9016413
1370079
7226230
2375175
9590294
7529032
4263997
5475315
4175381
9016413
5135501
7996089
6639402
5757838
1942845
1056555
4385585
890804
5803140
3876215
4937815
3740799
2378113
5771695
813865
4060295
3454918
4527992
9016413
9016413
2008210
428110
8547223
6747837
6821359
9016413
9016413
4636811
9950556
9016413
9669249
9016413
1702103
9016413
252279
6461501
9016413
8731045
4345552
6233055
7111478
731081
9016413
9000054
9660460
254896
3519158
8659179
9016413
2922263
3306364
5383751
9016413
4458632
7567588
1775781
4304509
7992635
4131976
9276974
9016413
7717303
2376825
2766051
3082962
9016413
3437687
8030886
7192690
9003614
3612584
9333754
4438884
9016413
7341688
2648220
3783941
2211938
9016413
4473886
5673135
9016413
7004067
9141445
4251518
79043
9016413
9016413
2389860
3601524
9291672
9016413
2151655
8183633
1506610
5753971
3053014
8528218
9061733
9863116
3741719
5536328
4116242
4453981
2276825
9016413
274
9016413
5454033
1756102
2642968
1170953
9016413
6451092
8679844
9016413
9016413
375810
9594633
6277092
1474825
9016413
3482741
1766790
3915309
3620197
2903745
1557779
5323089
4453453
9124476
99794
8299957
5051470
9487081
7859520
9016413
1274586
4969792
6331601
9592205
9016413
5862708
2620741
8858027
2876966
3782742
9016413
9016413
9816457
9016413
3240918
4058631
2400281
1536303
9927524
6965796
9016413
8206776
2675159
6563576
467556
9016413
4774559
6505223
445221
6130028
4347640
9564918
1695564
3737701
521293
9016413
5998574
6458386
8380729
9596696
8936159
3071435
9016413
4672406
3945794
7447826
4118784
9016413
949663
5732008
284037
3460692
6375206
9016413
6230859
9016413
8390700
8248483
9016413
2571946
4062103
9016413
611097
1463555
8833037
7932896
9099733
9016413
7696031
805872
3300316
5123631
3671665
1512582
1255947
1043739
774204
7029537
3153658
9016413
9780326
9016413
8851653
8363949
743599
6649231
9016413
9695937
5893762
9820027
9016413
1091590
3215225
9016413
751785
195857
4761946
9016413
7703590
6181026
1762476
8673878
9016413
4705398
7540591
3597105
9766594
9016413
9016413
7449880
477652
1179134
8273062
7186439
9016413
8520607
4581110
9016413
196513
9602464
894234
4459212
9016413
4284983
9016413
3724161
9016413
2660702
8565209
8095959
9016413
1073456
9016413
9016413
8532494
4253871
2612110
4921888
6417527
9016413
5484331
2689674
599918
2524121
755640
1860609
1098824
4899444
9016413
8278627
7528969
9016413
593118
3157302
1778075
3899981
9016413
9016413
1351395
7932117
8085307
6532994
3893438
304749
9016413
1910209
9637964
624234
1432302
827945
8770592
3772283
7474963
2355682
2913317
9016413
1724245
9213568
9016413
8717710
5043230
2210531
4009823
9042604
2773827
6150640
506103
651362
9016413
437010
7055119
3454515
2493936
4937169
2356690
6633377
2153101
5601788
4721075
9016413
9321862
2404936
3312870
6489125
935971
2221161
828274
8436433
5396430
4758839
9016413
9664942
9016413
4368088
9500265
8281495
9016413
9016413
4911990
3401769
4157308
1606859
6307242
112297
4692287
7333916
9016413
8401916
6501665
9016413
3533570
9016413
3325950
9016413
2575777
9630479
9594340
7881200
494605
1877419
9016413
1796884
3780735
1777867
555308
8885039
9016413
4985359
9016413
9016413
9929355
2194286
9016413
3073624
1504202
7375267
9016413
1345843
9016413
4492497
5697214
9016413
4807968
4295911
9929213
9016413
4746904
7633630
9016413
1286260
9016413
9016413
2927481
6032590
17226
9243302
1549671
6547895
575179
4092812
9016413
4012734
1044100
6326687
6520270
3106339
1443768
9016413
1542755
9016413
9016413
1199792
3398433
2132149
2410922
7883733
8042700
9016413
4499187
3389507
9016413
6942847
3929779
5875694
8305027
9180302
708081
2488564
9016413
9016413
282506
275029
4186777
2052484
9526792
6778367
1925562
3156404
9016413
9016413
5355545
953687
4488717
7168798
6933380
7850898
9016413
3368826
4841309
9016413
7180750
673711
9016413
1271619
5142257
9016413
590720
9016413
3991986
2046442
883373
1460056
830568
1082813
2576832
7233368
9016413
9016413
9109220
6120256
9016413
9016413
8703009
7428437
5235315
9016413
6663005
3872948
1868336
3008273
3259768
7669704
6752338
2510251
2685729
5991105
8472010
9497958
2170227
9016413
4113468
4383555
8311314
2974948
9016413
3993926
4506815
1665779
2996149
3382775
9016413
2493731
516948
7528178
5658087
3440020
7542350
3579377
2212068
6768581
8324429
771493
6808660
516671
4469010
8856569
8846607
9016413
3753295
994808
9016413
5410846
9655462
141565
6625764
8403451
4108583
7099983
1207645
6037324
4653000
9931470
9016413
9016413
1842870
4783412
6988287
701080
5450998
5995602
7336808
840611
9478266
9303133
9016413
7950596
5588535
9016413
1005921
5766627
9016413
2035129
1291807
4051283
2611329
8173496
1714947
2517507
9016413
6374473
947640
6241816
6473621
9016413
431757
8577274
6986424
3637055
9016413
8365439
6947958
309781
2317829
958298
4572603
8791551
6163065
3381342
3447122
3735120
9016413
2249995
9016413
8706865
9016413
5165922
1025879
641161
9465283
2027921
5873569
8938559
9016413
3605311
9180209
8077661
3714230
4227406
1684916
9016413
9765439
3002595
1294939
7451865
6832020
3581760
2816558
7860935
9016413
4759583
8224211
3999967
4456685
9630260
6208776
5576453
2657114
6896027
7870466
9016413
6357204
2946739
10879
5070532
4974686
7443320
3791178
3805356
2843779
9016413
715416
8406362
3892820
9826038
9111330
7808686
2362938
5813034
9016413
9510120
6669224
7115636
9016413
8135281
1717967
9942032
2836255
9208674
8345108
9778249
4245602
8997053
3646662
4544209
4834094
8382266
6198618
9373055
924468
9016413
5224973
9016413
7698881
2624443
9411890
5988719
9761726
7199142
144994
6944050
5791281
9016413
3250298
4628872
8533621
8868880
7283859
9682207
9016413
3687325
1821690
1952718
6048573
7428569
2167428
9925767
1481687
8403900
396399
2119465
3959840
9016413
7687790
3922551
3081636
9432330
9373229
4083953
7019299
2895423
9867085
3512213
9016413
5171112
8691723
1219767
211644
9016413
5580353
8532817
9153335
8351493
3115352
9164383
139407
2698043
9016413
3975820
3305068
6135979
2372383
9600913
607747
9648845
3630871
5868265
9016413
9759611
9497785
9016413
5827667
9016413
9016413
9885777
5915147
5460699
8370187
9868773
6470500
4769566
94555
6936247
5083729
9268384
9016413
881332
4774270
4110430
2638427
1517771
7446537
9016413
2618446
5982042
7426294
9095688
7373104
4451753
5076263
1541851
8863773
508574
9984267
6226483
967731
9016413
5218708
9016413
5996571
3661343
9016413
3598033
7113639
8755770
9016413
261630
9911882
9016413
5964319
2933040
9016413
9016413
1231706
9543086
174880
389679
5614990
7273174
6614633
5303314
397789
9016413
201870
3118342
9571905
1308577
9016413
2300017
1096804
1970659
9162979
5410462
9233773
3799785
9016413
1328286
8805467
1789188
9795403
8939987
4423988
8878963
9016413
4718963
7699493
9351528
8892879
5495608
8386364
9016413
7853920
1913136
9016413
8021425
9016413
1673185
5234749
9016413
8566456
6769241
6075538
9016413
412742
9016413
6001196
2453591
6017900
597081
4090040
2617176
713925
5480965
3937967
9016413
4835378
8646673
6324055
1790951
4027780
8749065
6721194
8960849
9016413
9016413
42761
3423529
9516457
7947429
2556013
7467836
2007368
9295119
4246731
7385601
981575
7876293
455726
9016413
9250085
2290000
348956
9398007
2643244
8097664
987281
9016413
5974952
2075520
9016413
9016413
5849540
2578123
9016413
8974754
7024531
9016413
9016413
3430424
5614576
6224138
9016413
9016413
445629
6805787
9016413
9016413
7025044
9016413
5587991
410157
331087
7351197
1035246
9016413
9477119
1951532
9016413
1112462
48711
9837655
4463311
5988830
7703897
9016413
1141327
284562
8085677
9064262
5930551
9016413
2932082
2459671
593358
9016413
4385029
1866351
771288
8465094
3056229
5248261
4433073
9016413
9016413
2863912
9016413
8976938
4294630
9414223
1991092
861050
9016413
9016413
1419815
2311882
7271674
4531093
9016413
9292615
7165676
7443165
7834539
9300601
3245422
9016413
5087403
3959736
1623411
4572735
2977884
9016413
6012713
6790654
5254766
9016413
1287362
7519414
7540861
3245678
941722
8808028
1275823
6770683
3055893
9016413
2670112
8994607
9016413
9016413
2293997
8783575
2082179
9016413
190328
8542949
9016413
9242578
1230594
5373506
3744713
699503
5397707
4169754
3613555
792889
2968257
7405661
4969299
8133599
7872801
3910291
8006287
2351300
9016413
9016413
9016413
5111283
4742246
1204980
3440253
8393348
9016413
9016413
1637941
8267323
1433779
2544721
4781023
5924689
6523120
174081
8394523
9016413
5074867
9016413
9016413
9016413
2511607
3120598
8063201
9016413
8160509
3410958
7502990
4879591
7517760
447326
2074893
9016413
5883164
7246249
9016413
9923342
748393
9016413
4786072
9016413
9016413
3956674
9016413
7461483
9016413
1136542
1528914
8505905
3373559
179170
2518907
1544459
9016413
9016413
9016413
4964279
9016413
4873109
9016413
8454411
9016413
6540692
9016413
8418047
7313255
7063866
3097303
5254514
9153080
7440145
7121120
3535196
7487550
5462510
6228104
8486998
7205972
848040
1858935
1425324
9100714
309505
4821062
3385905
9016413
9016413
4760332
9279601
3223708
6779936
6021501
382389
7734953
9016413
1927154
8574066
2388608
3911928
4186616
9016413
9016413
4897173
8568315
3377785
376440
9732978
69650
5669564
9016413
6526324
5813484
1544828
5461069
9016413
9536803
2968253
6539148
8314078
4145483
7589180
7196701
9016413
1094383
6024408
9054865
1827468
5463906
6668638
729820
4758255
4163305
7424716
4934303
5902310
5058369
9016413
9016413
2392404
8954046
9016413
8704052
9016413
8662642
3404275
9411678
4691181
6192893
9016413
9016413
9507566
9016413
9016413
6011052
8257279
6552727
6214505
3430033
9000265
9016413
9210841
3109861
9381584
9368297
3530410
1104737
9612406
9016413
8086614
1058428
9016413
5729420
7011300
9016413
8776195
7902047
744955
2469549
3650020
2627012
9016413
5703529
9016413
4052387
4052246
3141156
5032433
1445460
9016413
681477
9016413
8649805
9644462
5913144
9277094
3467075
3073550
9016413
8174631
9016413
3908409
5650660
2320898
8535929
3553507
1874641
8212947
3984921
9016413
4368561
9016413
9016413
4485058
9016413
1670913
9016413
9016413
8121663
9016413
2166824
9016413
5366406
2225309
9016413
9016413
9016413
6659051
9016413
5505756
9016413
9016413
594673
4723333
8231209
9016413
9016413
8086500
9016413
206193
2007073
4592201
3838074
8372045
2934134
7988210
9799065
4893919
2032549
128674
3253364
7920905
9016413
9016413
9428163
6986352
7962137
251399
3381540
3459840
6510551
6872480
6377257
6209700
9016413
7875746
447764
3889923
9789735
3430395
8902503
9885229
2568078
9016413
9016413
5434814
9254727
9016413
7717824
7302812
7700963
4509191
8864544
8883810
2539167
4439458
2245912
5680247
4695490
6360600
9181346
2589982
3719756
8052673
120048
3177969
1486317
3855113
2474266
9016413
7435784
6896241
9299346
1344773
1191613
1764341
2957931
1335158
607482
6199818
1612561
6927805
9016413
2578634
5483108
9016413
9016413
880312
8618797
6960639
8076490
9016413
8413700
7586722
9016413
9016413
265451
5297921
9016413
2381795
1958694
2791904
1292586
3698447
1514530
9016413
8298652
3024401
5214179
9016413
9016413
9054585
3088037
9436237
9016413
4661422
9016413
4197857
4168255
5362412
3036433
3733614
518073
4419338
9016413
5299808
9016413
9016413
6840815
2745941
1963531
7271320
2454546
675622
2790348
426547
3914544
3374609
2608413
5842029
1452926
6530142
6830690
4588654
9016413
2302650
9385589
9016413
2335311
9016413
3654976
398557
6410944
6803437
4055314
9016413
3634960
9016413
1027147
5664152
9016413
3901250
8226976
5550626
2691489
2933510
2181427
5694734
9016413
6429841
9016413
5646834
9159323
5445446
9016413
2788515
3098553
4922099
602609
1322421
4515103
9016413
9016413
9016413
1201524
751583
3235492
4058111
9016413
8849129
1063412
9016413
8108367
8132363
2558194
7317346
9016413
9016413
9016413
7266585
1300663
864666
3247853
9273380
1896516
4682198
5395884
9245024
9016413
3758664
9016413
6119445
9016413
4826493
1214884
9584262
36252
9016413
9016413
5293765
2602960
9979083
7716514
9201002
4812398
9016413
9400489
9016413
3606726
7467357
3106144
7438740
4666685
422938
7708127
1848075
9016413
7851085
9554549
9330079
8857030
2032479
9016413
5278411
8281222
6138950
8908211
506176
343678
2565761
325284
6956144
5384006
1813024
6240184
3959541
9016413
2020208
9016413
2352426
9016413
8791339
3173254
9357720
3948666
2608179
3138412
8465380
3936979
8414724
1480152
9595729
9225943
6232896
5815338
1480193
6540833
6511337
2052545
8982791
4010446
7491349
9016413
9907304
9016413
8309487
9213351
9016413
4957048
7335573
297601
9016413
9016413
2407129
9016413
8568794
5133425
2993283
9016413
4095921
4726556
9016413
1256659
4010360
6472875
9315800
2500272
7169057
4647707
4430056
3188484
4472853
9016413
2627540
5141371
7215265
3246404
80678
7970109
6567793
4444234
1143728
3990245
9016413
576452
8485661
6949995
5684582
775526
6207243
2565345
9016413
2841346
9016413
1655370
2275475
9086504
5046511
3419668
7804934
2174964
7306462
4210649
9016413
8416993
5624456
9016413
3880032
9016413
3242020
9016413
5012783
3956077
1268163
4487503
5262488
8900461
9016413
1838304
685403
6178555
3847699
2592932
1306443
9016413
9016413
3638945
2641813
9713345
380489
7832905
9016413
9016413
5534853
9016413
5157077
436245
1236339
1044731
9016413
3338885
4631546
6043930
2931117
9016413
1146117
3499220
9016413
777786
9016413
2132616
6831306
8733724
347519
9260893
3160675
9373235
9016413
4745162
8799667
8225029
9016413
1549735
9016413
7641214
2435783
5427709
9016413
6536415
9016413
8980597
9016413
1340098
9016413
9016413
4695752
9625130
9016413
8655550
5592830
4292851
4641651
9016413
6014530
6829018
5486001
9016413
9016413
3601171
1443458
8775461
29688
4180192
717142
1144428
7292574
2223244
9142060
4538928
473516
1476597
8225680
1258969
2897973
7864190
5104258
178298
1801858
9016413
1383298
1007516
5090381
7532044
9016413
1225833
9016413
6926398
1377815
9685353
6043549
1576226
7739230
1718434
8037943
1985161
3903420
9016413
9016413
7035208
9548843
6583609
9016413
4910923
9016413
7382334
1158398
9174559
5158379
9016413
1301904
2303126
2981578
3120280
2050637
1968463
5452531
3570198
602
7699811
9085782
2229367
914856
2148736
9607670
2259339
9016413
6020564
3729447
3029189
9478268
9016413
3114352
8942594
2717441
4729605
9016413
6219194
4116290
7917132
214569
4459210
6880549
5064934
211237
3210708
3828980
9016413
1992724
5254396
8512938
9016413
4321254
5602111
5336307
2829110
8958851
287187
7188648
7406923
2803904
4989825
2886099
9016413
4572966
1523053
172317
9016413
1996319
8115609
4689214
4339131
2578369
4897371
3118402
4707657
6161704
584729
8766264
9286369
3823833
7833011
3717247
7204326
3054859
7577993
1830237
9016413
7879405
9016413
2683518
4489362
1464591
9423963
7378715
9016413
9644260
8611210
6573122
4094457
9016413
4159997
662159
298931
2819048
6255763
9016413
9890151
9542054
6578951
9016413
8265374
9016413
1533694
7454916
9016413
9016413
9349987
6442771
9120619
9016413
9970868
9016413
9016413
9016413
9016413
3502090
9016413
5701999
6164569
2859474
4562980
6411259
9580841
510544
4778293
9022063
3706571
3487149
4746132
5788897
7363763
1778993
460504
1267316
3938431
2991006
7336034
6236113
1064774
4245612
8366034
8391263
9016413
8646398
7927495
9578922
8246449
3580963
2582823
528104
3773692
1506585
9016413
8143673
3317159
296553
5430141
858522
4877388
8853764
2105889
9016413
5430564
4680255
847840
1485076
9016413
9016413
8246294
8680457
8959471
5163719
9007116
9526470
5748374
9238617
9016413
2964259
9016413
1990660
2827918
2829765
9938409
4761999
4175481
7015915
9016413
3439655
6985986
555372
9122958
4284779
418441
5641449
8261817
9016413
7072250
9214272
3902439
5326402
5710540
2662815
1787348
2410739
5228846
6608600
9016413
9016413
1991374
1852569
3933139
7365630
1295508
2266241
9439462
144647
8620009
955461
9016413
8926235
5077706
4468216
8202735
9016413
4267902
325447
9016413
7852072
4217750
9954023
4217674
1373512
5273253
3963934
2761757
9016413
9477007
4297724
3305437
9152284
6224708
4820002
5525602
6455755
2146096
9792482
3409752
5942288
8874308
7915120
4182252
8681336
189548
8725853
9016413
758980
464232
9016413
4737440
1229193
1960263
7984257
9016413
7902400
4632959
2918517
8611597
9016413
4539514
3490621
9363722
941194
820643
9991047
7953567
9016413
7673338
4369001
4593399
8651072
9016413
1911663
9016413
4891611
4170018
9016413
7689547
7111683
5205828
9016413
6100088
3340433
8863157
9016413
3049917
9016413
9016413
5550733
9016413
2328954
1999433
5098187
2392723
7482350
1043115
9016413
7709567
7708384
4761724
8648049
883647
7276152
6451177
1842546
880598
1486315
3019525
5652493
3824925
1737754
3009487
2646713
2628501
9016413
5578234
3422409
3814084
1172008
9016413
3224991
9016413
9016413
5066787
9016413
9888876
2805207
1431737
3377614
9016413
943360
449651
661971
6842750
9016413
9016413
9016413
9016413
8818243
9016413
9402434
9016413
6880106
7344016
3459929
5196397
2224056
506065
2113296
6059449
7550653
6828726
9016413
9574819
9906458
8767187
7313313
5888825
7815559
9443704
9016413
2230246
3379792
9016413
2223494
9487425
480630
8001920
9016413
9016413
5666379
9192273
9920
8559403
7079569
9016413
202206
4029588
8084656
3446114
9016413
2458476
8920250
9694690
4513876
5195883
4350822
8780385
7948407
6858431
9016413
6397755
9016413
9016413
9016413
9016413
2575389
9016413
9409446
1776227
8976263
6105290
9016413
9401331
4895523
3818807
8148027
6296783
9288617
8424794
9016413
9191484
2578986
1702011
2379896
9371246
5756128
7357016
3731993
7746232
9016413
6148966
4991641
1155012
5952824
9016413
5944211
7448433
8058553
9016413
2852479
3033758
1284180
1815570
620999
4026462
5180648
3362385
9016413
9016413
5064877
272651
1052978
5834820
8014121
3532540
9314688
7059249
9291508
5650867
2617303
7389585
9016413
4995289
9016413
6692423
6056194
3113177
9016413
664318
8403426
2602707
1720171
8570081
5781203
9016413
6283801
7116162
4187613
8982673
276982
7898836
9121707
9016413
4419762
2438989
5727459
3024763
3507530
9483790
4580668
9016413
9016413
7373898
1404691
4675463
9016413
4119046
1312300
3429446
9016413
9016413
7132007
9016413
7629225
2009237
2858918
7821556
9361838
1928130
9016413
1275018
1823798
7474327
3260350
5904582
7349780
740993
9016413
9828108
9016413
4157945
9016413
2484597
8463534
1523411
9016413
3441336
6254765
6888517
9016413
9016413
1148075
4503502
3062219
4935013
951203
9877712
9016413
9016413
651549
6056100
3958138
9016413
831009
6632324
2958449
7168688
4628662
16135
3319977
6495278
1791830
9466095
9016413
9012215
9016413
4132576
9016413
9016413
8308811
116747
5704237
9877737
2439081
3953201
6904646
9016413
4983721
9522961
6943973
207561
2060648
9713466
331514
116557
4014936
6841754
9016413
3387682
2595233
9016413
6356588
9016413
9234364
5386461
8536731
4903701
9016413
7476591
4666629
4300127
7757058
2004383
4712252
2849683
73295
5460665
7740854
6868738
2719164
9016413
2999187
3596028
3705930
8640556
9016413
537735
3001494
115794
9016413
8694731
4187947
6948364
5416169
9016413
9829637
7088413
1956365
9016413
4469279
8382947
8903752
3966076
6503897
340322
9016413
5533337
8228122
7614110
8578964
4219747
8260323
2627639
9016413
9016413
9016413
4831070
5852232
2600641
4011370
9016413
397823
7349832
8668238
1215848
6106673
9016413
3228166
3677988
2336016
2353149
9016413
3431476
8416558
9575171
9016413
9016413
9016413
9016413
1533845
9016413
517280
1800308
9016413
8329834
3621178
9016413
8963103
9016413
6914774
2135107
6955657
5153240
9882897
398086
3532117
2195918
3725980
4668314
52593
4388509
9807358
3742996
9172042
9016413
7476116
1301878
1515637
6457508
9012228
9016413
9058674
6531678
3798029
6873756
5309162
5734849
6362107
144017
1707439
2932937
9016413
6000699
6715658
731150
1014639
2014832
9016413
3260446
659777
1321292
9016413
9479989
7428725
4833282
6351192
8188615
9016413
9920092
9016413
8807688
7783023
7418995
5898747
1836964
5353633
9893740
3262375
1199221
9016413
9016413
7125561
7002298
99342
7320486
6013763
6486729
337246
2822235
2571455
5924482
5143478
2687622
63288
2941336
9160847
9016413
8809487
1349105
3498062
7244637
4720220
2211640
4782319
7624563
7524690
6703639
9016413
9016413
9419406
864652
3303960
9174433
4094715
9016413
9016413
4750828
9940131
1407257
8088088
120531
1961764
6098834
7810323
20116
9089798
9016413
9016413
852260
3931378
6954678
7599139
321814
9016413
8422114
9016413
9016413
4277967
6898558
4627672
7602378
8807082
9859190
3003087
846922
4041875
3214499
4765603
9366042
9016413
2253465
9016413
2154064
7545470
9872728
2284675
9016413
4268140
5469805
4049702
6581804
5147743
1613402
5677053
9016413
8699085
9016413
2479206
9016413
6788529
5453546
7495923
9016413
9016413
8649417
9016413
4808030
9016413
5773247
9016413
9281384
2833013
4403037
8798432
7834490
3658656
719488
5287036
3482704
501606
6105447
7870168
2400572
5819754
3661948
2594021
9957719
9402491
9564309
3901108
4686962
6143111
9016413
6010425
9016413
5022882
6670110
4352963
9016413
3523962
4209979
7067004
9016413
5995004
1720624
7230691
2239902
9016413
4567519
9016413
5642117
9482523
7025598
9013954
8412950
8989572
8913469
8857878
6493486
7267586
3072702
1014161
9016413
9016413
1844359
9575956
9324913
6606123
2268904
4895229
9016413
9966515
6482511
3669534
4308927
1686929
8101644
3500456
8154487
1363798
9016413
9016413
6840735
5828598
9016413
3734817
6051465
9016413
9016413
6287972
1694908
9016413
2297452
1636636
2379005
9016413
5179057
9340965
2085529
385859
4855264
4015304
9016413
4053177
2221586
9016413
9177591
7735334
9849268
7327022
9016413
4441803
6662764
8002977
9016413
6997662
9454423
3058660
545094
2158033
8838929
7732455
6990185
2276176
7924745
5982964
5892986
9016413
9016413
5294125
156625
3369120
5826621
6083678
9016413
407306
1879164
8366519
3486336
9016413
8215851
6097899
3362769
3675506
8360424
1972727
9016413
574088
9016413
9016413
9016413
9016413
7194357
4137101
6279076
2349279
3125152
5161675
5686683
2851283
1696346
4239994
2303741
5861639
7951803
6697754
4993891
4565351
2754787
8171769
3012280
9016413
9016413
9016413
9016413
1049214
746768
2091272
8371175
6762831
1679225
6672021
702956
327581
4715122
4255947
123265
1963565
9016413
4328933
9431403
1301486
1079824
8976660
2106241
583008
9016413
1134853
1260058
2639363
3863040
6070446
7471819
7565631
2720591
4847389
9016413
6589363
5563699
9016413
4836862
7316552
5017873
9460306
2454541
5351197
3953830
1585239
5563689
8711917
3651619
8303431
2751807
2862768
820067
5080373
9016413
7427870
7720784
9078773
8871085
5454832
2388330
6274629
6897179
5313328
3016928
1108591
4516159
6286506
6450921
9016413
1839672
9680471
9016413
281416
5642163
6877765
3947371
5922167
176871
9373870
4600372
8988069
4324296
2789726
4498019
5714809
2975868
8473566
671131
8116013
5703757
9016413
8795275
5024325
7213904
704000
212952
7862021
9016413
1763742
4640102
8460690
4475228
9016413
8741953
2110291
9016413
8036618
1165709
6293296
1589580
9984432
9016413
5923233
6695461
9623620
9016413
8999300
8489895
2073811
9016413
9602092
6237599
5202521
2646601
5480171
9016413
3862331
3191845
9016413
9191090
9016413
1978182
3018272
9016413
8789522
7272763
9371986
5736263
8069028
4005691
3335531
1290276
8740700
5593522
4086789
3469937
6487767
1697267
7384042
9016413
1518166
7182348
9016413
2952946
9016413
4131629
4285392
9016413
2688636
9796231
1030164
1126396
5444147
3158634
9016413
4959125
9016413
9031944
4923412
7210538
4652215
1705869
9896996
5584315
6731328
9016413
6495752
1991930
3785192
5986084
5117756
507107
2317346
5636231
1819381
7790559
2966454
9396766
4549849
9016413
9016413
7458865
4615776
2611724
5798479
5067588
2104088
5389069
2369944
9016413
9016413
1918748
3072588
9816649
6605559
6442714
2160652
9016413
4379637
33407
9016413
3184480
8356437
9106842
9637143
9016413
4241299
8955101
9016413
2173907
4665961
9016413
4244239
8381714
9016413
7927221
9016413
2431562
9089147
218931
9016413
9089941
4681052
9016413
9016413
819319
9016413
7636205
8141706
7501396
3570427
6056158
3294777
7803761
7249333
6649642
5235660
434579
7504298
313416
8921027
2052692
8609851
9016413
8582648
6417
5853502
6955509
1998320
1893129
1809401
9016413
5268472
9016413
9016413
3602769
5366750
6007544
4428423
5332862
5312197
4851630
7351111
4939337
5457547
305531
9016413
6777498
9016413
9016413
8152551
9016413
2635091
9016413
6394269
7028123
6036195
3948457
9016413
7883233
9712169
6409436
537868
9016413
9453208
9016413
5117306
4009940
3810762
2080470
9016413
1666194
9016413
4129377
8893371
5029394
6792639
295424
7573329
5381617
9402240
9532583
7580123
8639426
8975993
8656023
2849690
1735556
4850877
8347030
2460940
9016413
1380130
9016413
8012851
8089446
1730408
7593434
5281256
8116185
4300257
9016413
6533879
6428380
8561039
96031
3711580
9637819
5998435
6962107
9016413
9016413
4502155
9016413
2657943
870748
349575
8579011
2373384
924937
8593784
9016413
607640
9016413
5838751
9138919
301919
9016413
4046450
5896392
9016413
1706229
9617313
7591267
6297152
8003710
8713460
481492
9016413
1043574
9016413
9016413
8687114
1213129
9426447
482375
5635604
1447410
8139705
1329270
7092347
2361511
9016413
4674469
560125
8533114
1006027
8020583
8500341
1979437
6031331
3726083
5898298
9016413
1032841
5466777
7314153
227327
6203971
8961401
7368830
8525189
9016413
9108656
2419447
9428955
3015424
1066174
5774065
5598952
8476042
7352971
5651869
7123980
3996505
4257567
4635453
9016413
4956832
9016413
6826343
3635746
9016413
7827190
9016413
1982061
9016413
9016413
6860325
7409935
9167061
9016413
1833338
7657161
9735624
9016413
5639768
2836978
5333353
8517741
8474017
2518885
7102655
9016413
4051619
5434403
2408982
6328326
9686670
1674889
2131511
3356034
9016413
8080680
8616020
9016413
4841388
9835621
3780781
9016413
9016413
9016413
6169384
7293453
692091
9016413
4534004
9016413
2548098
9016413
1247317
7884245
6061742
2821862
2845062
9016413
7586996
1008610
9016413
9778125
390884
9546063
9016413
9308898
6605581
4473808
5866889
7429667
6915064
3459639
9963262
9016413
9210308
3544044
8127318
9016413
9016413
7902106
535085
7408984
6389826
6534718
139099
9016413
8927283
3083632
9507647
6241607
9016413
631956
9425558
9016413
4819896
7163188
5477451
4383456
2223213
9720324
3925656
7413842
3325803
3971502
9699795
5431856
9480574
1514256
9016413
9317081
192903
4702357
9006266
7738279
4815655
6311349
9016413
7954559
7778882
9016413
9016413
1862531
9050833
2348857
6950912
7653687
2451704
1457412
4623789
9802868
9016413
5435072
1852100
1695282
7145246
5709979
1478414
9016413
4972898
134664
9016413
4560278
2868622
736050
5541194
702090
8654361
8103099
3005335
3778697
7983796
839810
9016413
1161080
9533589
6022474
9227349
9016413
9851721
2177339
5331675
6260972
1460542
765605
7346824
9016413
9016413
9016413
9016413
9016413
9016413
1738020
7509424
9016413
5044267
8892884
5091754
6943559
3388407
9035119
7949033
7492885
6242669
7181119
8553792
9016413
6840488
6053845
5276351
3534840
5103129
9016413
6157759
9016413
9016413
9016413
5609799
6853709
787203
9016413
5013717
7126273
7586110
7507076
9560599
5870193
2624629
3342108
8309286
7002772
4322831
6806421
3960163
9765071
9016413
4489660
9878166
9016413
7901550
2182604
3452884
7690586
757881
4604139
4080339
9016413
22357
5320071
977274
9816098
5115436
693925
2586908
2879116
9016413
1724456
5028470
7201037
9016413
9016413
5181337
9016413
658307
9016413
753935
3434795
2603080
3999712
9511016
9016413
940486
6272170
9016413
9016413
9016413
5621126
7569317
9016413
6140060
8284715
5798944
8712708
9016413
2512958
4707726
1707806
1464247
7889450
4806217
9016413
8584793
9016413
9016413
7121147
9441625
9016413
8144157
6796498
2260860
8421136
9895856
6954666
6890590
4322180
1274285
1614892
5204916
8958588
2675125
2437404
9016413
1166920
9016413
9016413
1572548
9016413
8872029
4526265
3833642
9016413
107322
9016413
5888111
6887218
718437
8530956
8214805
9016413
1547337
4391048
8780418
8831030
9016413
9016413
7560555
6999026
4718443
5620372
9778360
8978869
3241493
7791565
6802822
9016413
9016413
1362995
8125803
4883296
2058866
3837244
9016413
1230374
9297920
3597928
5776945
9016413
1278530
9016413
5206017
9201660
2386867
5828364
7234310
2234586
8152322
7749418
4127344
9016413
8504623
2773209
5163861
4532257
9016413
3094052
6633524
7655110
9016413
5881432
9016413
2523429
9016413
7351237
9330485
5885023
9016413
1799210
696243
1947482
1870413
9016413
8836803
5116862
92039
1788161
8896544
9016413
8953411
879134
2670498
4043275
6258907
2601961
3577604
9016413
4393947
3556272
1252133
1152574
3822672
8048127
5821941
7329326
1493220
6889517
2837257
4511411
2533516
2243137
8846843
9016413
3677482
9212017
872776
171633
9016413
5595657
1605325
3578252
1210005
4046364
3979263
9016413
6189337
368831
9016413
1510304
9016413
9016413
3315909
1514408
7324074
4456024
721490
1115448
8543562
9626127
9016413
2208472
9016413
8483337
1833140
9016413
6827870
1769915
9016413
9016413
951772
2205884
4266856
8648593
9016413
6320293
7531997
7779607
9853654
2294273
7143839
4124326
5061895
2262801
9016413
9009620
9016413
2337666
374820
8769876
30497
9016413
4155267
9016413
1383828
1363386
10483
3343451
246499
170821
7308146
8377323
8267066
7579418
1653195
3895184
2713292
2765335
9897807
3352539
6630169
802734
9016413
1216402
7516100
8667509
886913
8667259
9016413
6566600
5062542
5737450
9016413
5024522
5271356
5714733
9315622
587759
208091
3288722
6218824
2410844
4570577
3635663
249552
9016413
6299116
9964187
1434858
2672696
5298007
9016413
3148545
1644535
5928618
9043887
9516781
6502550
9848104
1555569
8845974
7280506
3582724
4906627
8598492
872737
5239082
6046155
6757199
9092239
9112879
8681190
9016413
5787030
2678086
2510961
7812991
3472612
3713155
7824832
3508707
9016413
3777825
9636724
3036063
7783348
608307
3676738
6859647
9867608
9016413
9971932
7622471
9016413
3852127
6878233
9016413
4355295
486549
9016413
9016413
1523863
7366162
8187782
4306753
4446567
2293853
3227813
120882
9654250
8110057
536261
4662402
6373366
2764453
1890893
9016413
9016413
469514
4062498
8076916
752913
5921194
1328042
8058221
538744
7462876
9016413
593168
5926424
9016413
9016413
2951789
9016413
2240191
4139891
5563528
2415884
1482659
2887494
7028316
6900605
3246360
1712968
9016413
1475153
9657724
9016413
9016413
7686943
6980030
1239979
9016413
6643884
6876924
9016413
6171695
1560145
4869114
8046803
3746984
4956629
3225167
2598841
9016413
6495852
9016413
9016413
3524923
9257734
2461012
8315889
9016413
369943
1959815
4587621
7887970
6189776
922568
9016413
7237411
2932580
9502793
3926036
1514364
9016413
4523516
3581092
386854
3538101
9016413
2405941
2565078
6250555
56558
9016413
4640132
9016413
1741414
9016413
9372080
3465719
1190038
2769625
9016413
7376974
5596269
5531401
9016413
9016413
9016413
4920289
9818118
1162108
1176692
9016413
3838962
661163
9016413
7593079
6865284
1891479
9016413
9981279
6337097
9016413
9016413
2667264
9016413
9016413
1930177
1453058
2986179
6685845
6693406
3233928
3278497
7199599
1486116
