645120
598021
520201
294922
374795
753676
413708
395278
526359
729122
358437
290853
935975
206887
299049
430125
100397
460849
194613
331829
997432
106552
700474
254012
596028
499772
428095
202816
213062
340042
952395
63565
561230
665679
870481
823380
348244
383064
374873
194650
325723
663647
268384
18530
2151
893031
110696
247914
616556
518253
174189
606319
747629
102511
702583
958584
419960
884857
800890
471162
852097
432259
53389
43151
700559
669841
907408
780431
20628
682128
948372
536720
293008
342169
934047
546975
598177
620708
864421
237734
164005
684200
274601
766122
450729
420009
202748
632997
323770
145595
936122
635074
374978
266442
553163
108749
622799
870608
606417
280794
456928
303333
184551
741609
469225
872683
137451
706799
592114
411892
960759
47353
786684
383229
551166
549119
643327
925951
487677
962813
575749
688394
280845
545044
803094
596248
22809
246043
280860
143649
549164
227629
583980
137519
618800
831797
567607
315703
643384
796983
737592
966972
4417
133441
811331
317763
452937
536909
55630
110930
301396
401749
209238
567638
457048
172376
966996
201051
217438
573790
459104
229729
436578
47458
655715
977253
553319
760167
887143
995695
311663
860529
239986
131444
725366
987511
440702
33151
444800
141696
455042
811395
842120
344458
420234
194954
672138
123274
86415
12693
770455
387480
250269
49565
260510
463261
426399
692645
344489
412073
856491
356785
608694
178616
451003
958909
184767
823747
883145
901580
967117
584145
215506
549331
412114
635349
766421
10711
362963
170461
555496
834028
973292
559600
877041
244210
410099
963060
965109
778737
223735
793082
238075
774651
662013
571902
129531
721413
383494
987659
719372
453134
289295
555537
854548
684566
897560
21022
137760
963105
762401
578083
621093
840231
98857
135721
279084
766510
764465
475700
221750
260665
23098
856636
936509
508484
221769
924234
334414
971342
291408
895569
123474
453201
985684
264786
877135
492119
240216
359001
592477
359009
55907
375399
635497
844394
225899
608873
569962
201326
451183
422511
803433
989810
455282
342643
524915
170614
230007
612985
131714
195204
633477
862855
905869
82574
492174
14992
152209
453266
6803
242325
811671
430745
643738
879261
666269
72354
860835
86696
426667
416428
801454
469678
948913
170677
928441
543417
527034
453308
522940
932537
723647
162495
502465
328386
883391
207550
142027
590541
785102
758477
404176
420557
438994
68307
537303
111323
498396
590555
797406
451295
47842
367330
242405
830183
905960
152298
84715
260844
801517
922350
35565
867051
471794
533237
514806
236281
895742
717568
846592
701186
541446
496391
813832
207624
877322
369421
312077
957203
304227
461589
707349
195351
637720
508699
451359
486176
779040
586531
488227
688934
375596
457517
260908
635697
990002
658226
922418
482100
279345
226103
645943
908092
506689
330562
529225
107338
185164
500557
549711
795472
9041
701266
809811
422740
957269
740182
82774
592725
271185
248663
627547
875355
308058
275295
2914
197474
510820
701283
779109
971623
631655
396141
990062
652144
381810
394100
695157
88952
633723
811901
285567
445314
134018
813956
134020
234370
203655
840584
867212
353164
707469
768913
113557
275351
70554
5020
925
416670
875425
361378
414627
699299
576422
467879
727977
418731
539567
750517
533429
836536
992184
396218
428986
80824
727999
912322
966
873418
404426
990155
154574
142287
431056
787408
977874
857043
754647
846810
682979
721894
941030
451559
476138
852971
216046
11246
263154
572404
416758
705527
795642
74747
308219
941050
658430
345086
830460
420862
17413
969736
166925
666638
824336
107537
568338
939024
437277
975902
594974
783391
429087
416806
87080
201770
103469
832559
787506
85043
957492
414773
751232
975927
906296
887871
189503
719938
320582
390216
672841
586826
60491
166989
416847
676950
949336
76891
836700
652380
564315
191583
52320
179296
509026
304223
363620
207973
220262
969831
584808
210020
808038
961643
732268
420972
896109
177263
877680
23659
394354
767091
914551
783480
619641
754810
466040
273532
459903
173184
238723
46213
568457
779407
349327
693391
758930
525456
896148
662676
617625
937114
797850
400540
25759
224417
617636
9384
918697
414889
582827
308396
701613
60586
804014
666800
740529
799922
261299
662705
97461
820408
793788
310467
554181
134345
326859
982220
638157
109775
9427
445652
771288
111833
3294
730335
529631
5345
785630
378083
486628
752871
445672
861417
877810
414964
140532
136441
648442
507132
779519
777476
740613
11526
29962
998668
840973
433425
607505
603411
228630
898327
677144
277785
304418
797986
857385
68908
60719
326960
980276
476470
406843
167229
533822
849215
750912
288069
693574
183623
427333
408903
783690
122185
865610
312653
40270
470355
554328
290143
247136
724322
273763
935268
5478
361833
621933
568687
812400
25970
91508
566646
302454
646524
1409
863618
451974
386440
839049
118155
347532
814477
830862
562575
355730
796052
939413
54676
800149
992661
630176
851360
460193
660899
861600
468388
208296
32170
269741
126382
882095
300468
859574
329142
642488
284090
1467
427454
818627
101829
574918
81351
64973
265681
126418
267736
345562
263646
599519
591333
34279
269800
724457
237041
579058
353780
62966
636408
374265
859640
204283
523771
615932
591355
230904
177660
89602
468483
97796
611846
597512
890386
452115
275986
726549
704022
232989
785950
11806
634404
673316
20005
890407
294440
849451
878130
323127
480825
468538
38466
249411
867907
536133
460356
673351
491081
468559
763473
829010
964178
435796
175700
470615
646746
167519
829025
302690
77414
427624
650857
212588
413292
69233
585330
716416
577152
333442
247427
382596
491141
827009
24199
753288
136841
110215
118409
937609
870029
882318
323220
728728
908953
743068
403105
964264
579580
437934
798384
984756
695989
650934
24247
517816
233149
81603
509636
931525
792262
413383
681671
108236
839372
546511
571088
298705
98006
708311
22231
155353
200410
894681
87767
698077
816863
138979
702181
538343
476904
345832
782060
302828
720622
93936
265970
165620
855798
874232
116472
218875
134909
616190
984831
579330
976642
196354
839429
976646
773895
194312
390918
149258
636683
423694
347924
622356
315158
16151
634649
694044
833309
126749
382751
130847
491298
493347
124706
290600
358185
110378
204589
608046
225073
112433
192306
694068
360245
171830
415548
40765
75582
417600
814913
769856
821065
649034
640845
982869
83799
776023
978779
216929
360292
147303
995176
860008
890730
22379
417641
728941
337774
65391
296807
42865
366451
186228
427894
966523
747387
370555
554880
315265
55170
194435
731012
341892
685959
933768
456583
479115
368527
821136
825242
155547
784286
688031
251806
722849
163745
735139
186278
561066
661421
841646
651184
929713
448435
526259
958387
311225
247738
683964
128959
559040
901055
485315
751557
821196
565199
942038
167894
147420
485342
939999
321504
702439
536552
356327
475114
536556
567276
944112
909297
464882
925685
767989
690167
380920
348156
520189
448510
