897
1233
1570
1982
3234
3472
4221
5050
6962
7235
7254
7833
8879
11400
12127
15795
19595
22489
23479
25811
27414
29142
30024
32367
33620
34273
34382
36372
37839
38285
39618
40480
42480
43664
45399
46437
46563
46742
46843
48171
49087
51350
53015
53627
54057
56307
56821
57143
57561
57667
58113
58505
59522
59954
60164
60534
61010
61513
61524
61647
61838
65277
65819
66449
69238
69312
70036
71080
72002
72296
73978
74369
77919
78504
79139
80390
80506
83504
85069
85501
87698
87738
88150
88436
89412
89510
91364
91426
91813
93924
95010
100717
101114
101226
101991
102667
106289
106357
108426
110096
111162
111659
111743
112468
113296
114545
115428
116727
117289
119393
120795
122519
122965
123003
123855
124414
125704
125810
126108
127268
129979
130686
130976
133637
133883
138254
140193
140288
141392
141482
142097
145896
146355
146835
146958
147979
149769
150372
151241
151629
152430
154373
154390
154437
156566
156971
157372
157627
157954
158747
158945
159150
159678
159699
159823
159938
162041
162254
164555
165705
166048
166731
166938
167460
167731
167901
168917
170829
172508
173236
174587
176276
176893
177352
177973
178403
178903
179496
181562
182335
183775
185754
187045
187543
188509
188714
188888
191797
192132
192260
194051
195161
196817
197749
197830
198172
199359
199530
199572
199596
201355
202299
203085
203489
204738
205310
205624
206172
206292
206494
206536
207343
207394
207852
209151
209364
210775
211399
213295
213474
213650
214825
214923
218002
218342
218586
220567
223903
225264
226240
226759
227757
227963
228537
229310
229594
230825
231601
231893
232038
232210
234348
235629
236173
236302
237805
239123
239274
239394
240092
240937
241956
242769
244069
244927
247188
247470
247930
248992
249020
249177
249442
249861
254034
254279
256717
258070
258254
258748
258923
259197
259547
260272
260891
263061
263076
265706
266177
266392
268676
269173
269398
270682
274206
274238
275083
275362
276025
276841
277390
279043
281458
281896
282091
282231
282801
283587
284014
284374
284571
285913
286695
288115
288445
289381
290074
290293
290592
291027
292932
293118
294724
298139
298302
298976
299126
299320
299914
300144
301141
301579
302507
304816
305754
306548
306740
307326
309813
310338
310980
311442
313101
314644
314807
315116
315633
316664
318247
318611
318742
319924
319990
321720
321754
322770
324068
324653
325195
325649
327722
328581
329594
330988
331412
333626
333864
334655
335093
335226
336557
339395
339990
343606
344488
344609
345015
345130
345236
346621
347580
348005
349224
349344
350236
352224
354593
354757
356178
357212
359688
360417
361364
361870
364267
368509
369952
371858
374789
376599
377423
379422
380337
380465
381586
381901
382896
386230
386751
390831
390873
390918
391602
392287
393933
394573
394996
398450
398761
398886
399134
400148
402812
403177
403455
404857
408689
411569
411576
414031
414798
415609
416019
417017
418007
418561
419996
421179
422501
423203
424119
425731
426686
427867
429685
429824
430190
431263
435548
436676
439431
440383
440978
441278
441658
441940
442428
443566
443789
444192
446371
446971
448926
448987
449887
451145
451346
451986
452368
454227
455234
456171
456960
457978
458432
459185
460711
461036
461143
462415
462653
464309
464880
464956
466319
468723
469261
469609
470380
475437
475632
475646
477523
477572
477574
478027
479063
479911
480003
480270
480971
481539
483651
486382
486560
487027
487863
491929
493271
494391
496145
496219
496222
496751
498595
501311
505310
505791
510282
511586
511962
512859
513412
513802
513855
514058
514223
515686
516417
516636
516761
517622
518082
518325
519993
520370
521075
524030
526392
526662
527191
527567
530465
532044
532442
532671
532844
534907
536924
537636
538768
538966
539806
540088
541638
541922
542807
545379
546425
549667
551610
551848
552645
553188
553553
554152
554406
554589
554721
555837
556114
556414
557486
557579
557654
561540
563220
563238
563793
566292
566947
567213
567311
567899
571179
571873
572671
575964
576410
577320
578133
578283
578806
581100
581721
586119
587312
588739
589618
590481
590603
591280
591329
591804
593175
593565
595631
595646
596118
600021
601092
601241
601950
602056
602169
602784
603312
603786
603873
605138
605577
606293
609250
610927
612899
614201
614693
615103
618077
619629
622133
622374
622742
623542
624830
626780
627729
628478
629128
629168
633398
634913
635120
636079
636161
637816
637958
638648
639222
639302
639664
640791
641132
641260
642458
644407
644941
646466
647003
647567
647572
647775
651448
651971
652962
653074
654025
655243
657350
657353
658134
660271
661101
661109
661158
661238
661646
662148
662361
663040
663322
663700
664535
665866
666875
667192
667977
668659
669333
669761
670782
673440
674492
675831
676257
676563
676684
677115
678089
678574
679345
681863
684392
684397
685070
685396
687843
689218
689322
689645
689828
689897
690940
692745
695297
695375
695703
697508
697872
699325
699432
699749
700574
701655
703462
704801
705898
706185
706227
706314
707305
707726
707754
709498
710531
711142
711267
712382
712432
712468
713015
713722
714462
716168
718067
718423
719929
720380
724368
724631
726106
726282
727277
728044
732020
732196
733297
733500
733828
734328
735389
736190
737181
738106
739089
739192
739807
740299
741207
744254
744484
744726
745941
746533
747348
748216
749424
753329
753481
756857
761391
762090
764019
767144
767270
768236
768455
768769
772713
775073
775483
777435
778016
779029
779249
779792
780276
782379
784089
784284
784502
784668
785793
786434
786905
788400
789867
791792
792309
792926
793206
794711
794932
796330
796593
798072
799578
800561
802736
802890
802895
802957
803362
804073
805930
806110
806142
807649
808222
810372
810473
812058
813558
815898
817534
818906
819955
820256
820918
821247
822843
826257
826658
826795
827580
827676
827702
829191
830513
830560
833600
834960
835625
837776
837841
838506
839110
839578
845390
847061
848467
848966
850504
850727
851859
852569
853265
855994
857713
857871
858507
859902
859911
861577
861830
862365
862590
862723
864754
865068
866313
866880
866881
867379
867877
868136
869232
869936
870570
871028
871628
871781
871795
872482
873293
874239
874391
874469
877011
877274
878161
878392
878601
879702
884731
885218
885863
887104
888187
889836
893210
894908
895404
897351
897473
897609
900129
903385
903586
904588
904833
905943
906152
906293
908311
909234
909428
909766
910762
912031
912709
916063
916763
917636
918529
920684
921502
922441
923553
925679
926078
927512
928479
929856
932186
932508
934384
934751
937295
937623
937734
938163
938418
938481
940061
941150
942375
942941
943991
944623
945334
945642
946745
950543
950774
951801
952573
954362
954475
955429
955803
957319
957341
960809
961449
961749
962052
962164
963349
964173
965625
968469
969753
970455
970811
970818
971281
972001
972946
972977
973806
973963
974668
977095
977830
978670
979030
979508
981537
981810
984397
984695
985928
988911
990758
991053
995457
996932
997069
997640
998087
