27
255
439
596
691
761
906
1344
1512
1570
1685
2001
2587
2601
3367
3395
3970
4067
4149
4632
4662
4845
4882
4918
5534
6120
6138
6207
6385
7179
7246
7591
7699
8031
8230
8531
8566
8796
8809
9138
9141
9194
9338
9462
9939
10125
10671
10684
10842
10944
11091
11118
11306
11335
11513
11728
12038
12127
12395
12556
12578
12831
12940
12997
13121
13129
13291
13485
13648
14074
14361
14482
14566
14609
14641
14795
15008
15053
15218
15243
15305
15673
15732
15904
16065
16155
16237
16495
16556
16687
16748
16813
17021
17024
17221
17422
17643
18250
18296
18362
18376
18386
18461
18710
18868
19197
19748
19796
19912
20365
20497
20788
20799
20821
20898
21004
21137
21242
21366
21723
21911
22076
22361
22742
22839
23095
23287
23356
23536
23778
24084
24237
24347
24719
24816
24971
25007
25232
25407
25530
25735
25757
25822
25988
26206
26354
26498
27198
27223
27351
27670
27711
28504
28637
28726
28746
29273
29556
29693
29778
29807
29833
29929
29996
30027
30163
30184
30266
30320
30325
30407
30840
30962
31087
31116
31121
31738
32083
32161
32355
32357
32554
32658
32829
33033
34195
34209
34507
34678
34968
35336
35769
35825
35838
36139
36358
36725
36946
37301
37429
37454
37457
37811
38013
38142
38170
38258
38318
38430
38645
38649
38723
38917
38922
39078
39087
39263
39506
39576
39803
40314
40679
40905
40952
41008
41043
41220
41231
41460
41581
41604
41688
41740
41937
42075
42309
42576
42712
42878
43649
44229
44296
44617
44745
44754
44860
45010
45191
45224
45711
46488
46684
46919
47037
47045
47055
47795
47834
47987
48152
48353
48472
49021
49209
49422
49613
50094
50227
50273
50551
50569
50901
51017
51252
51323
51449
52044
52165
52515
52851
52910
53023
53392
53537
53704
53789
53983
54129
54340
54349
54647
54728
54778
55190
55221
55325
55387
55839
55918
56025
56102
56636
56849
57414
57493
57973
58134
59101
59311
59792
59880
60316
60373
60386
60591
60612
60879
60907
61019
61024
61527
61659
61749
61796
61797
61801
61847
61857
62176
62332
62378
62841
63038
63096
63122
63134
63196
63389
63708
64097
64630
65192
65543
65545
65704
65764
66193
66198
66248
66347
66448
66780
66856
66935
66951
67072
67182
67254
67261
67351
67720
67810
67840
68275
68356
69155
69252
69259
69266
69625
69756
70535
71059
71114
71199
71548
71603
71618
71821
71926
72068
72295
72805
72955
72969
73512
73562
73626
73630
73713
74171
74237
75090
75429
75733
75832
75857
76165
76401
76547
76767
76794
76929
77022
77064
77571
77784
77804
78018
78819
79185
80001
80095
80451
80945
81061
82393
82520
82679
83685
83947
84152
84541
84544
84594
84611
84756
85042
85366
85434
85788
85825
86004
86357
86449
86763
86769
86781
86813
86907
87110
87270
87295
87655
87701
88886
88933
89164
89292
89519
89707
89710
89904
90359
90522
90664
90794
91096
91123
91169
91857
91979
92079
92347
92494
92751
93065
93302
93473
93653
94053
94235
94534
94708
94775
94874
95247
95329
95374
95528
95694
95737
95762
96865
97212
97308
97404
97420
97576
97872
98177
99248
99727
100064
100336
100587
100622
100734
100996
101043
101107
101120
101496
101725
101789
101931
101995
102013
102232
102342
102606
102707
102963
103089
103168
103291
103713
104371
104607
104670
104826
104923
105025
105045
105067
105352
105445
105911
106080
106436
106611
106656
106670
107134
107267
107536
107612
107646
108195
108509
108862
109047
109196
109228
109245
109363
109611
109746
109750
109792
109812
110098
110104
110146
110413
110447
110506
110733
110820
110900
111272
111296
111434
111519
111551
111646
111680
112143
112302
112698
112863
113142
113234
113582
113795
113838
113969
114129
114343
114610
114953
115003
115034
116633
116641
116736
117034
117052
117117
117340
117692
118306
118495
118505
118784
118808
119067
119083
119879
120133
120509
120587
120867
121125
121146
121222
121240
121290
121300
121312
121509
121823
122027
122042
122101
122103
122196
122610
122670
122765
122821
123013
123132
123308
123354
123569
123756
124119
125088
125093
125342
125738
126328
126500
126988
127062
127312
127377
127544
127589
127619
127686
128393
128479
128556
128683
128799
128881
128964
129222
130007
130184
131320
131420
131572
131652
132177
132297
132390
132490
132608
132930
133076
133262
133400
133432
133564
133811
135290
135469
135870
135958
136017
136082
136289
136291
136644
136799
136951
137149
137163
137249
137366
137442
137655
137794
137808
137902
137963
138121
138314
138339
138419
138504
138508
138766
139388
139465
139495
139637
139741
140053
140244
140380
140469
140546
140671
140705
140991
141119
141611
141828
141949
141972
142340
142445
142567
142632
142805
143244
143467
143788
144255
144298
144315
144374
144380
144877
145337
145416
145443
145570
145586
145867
145868
145948
146114
146288
146606
146798
147064
147281
147544
147765
147968
148040
148194
148228
148620
148684
149495
149543
149902
150402
150685
150762
150847
151273
152353
152385
152467
152484
152596
152802
152803
153016
153104
153139
153201
153545
153627
153944
154777
154866
155446
155543
155560
155578
155692
155775
155806
156171
156178
156567
156701
156756
157020
157091
157215
157344
157495
157517
157612
157638
157687
158015
158024
158149
158242
158280
158333
158612
158834
158889
159291
159644
159694
159826
160069
160101
160223
160813
160863
161031
161422
162129
162190
162262
162521
162560
162939
163180
163298
163610
163676
163710
163717
163738
164048
164533
164730
164773
165047
165166
165291
165734
165763
165964
166193
166219
166260
166314
166371
166490
166717
166726
166789
166910
167139
167222
167870
167896
168262
168355
168408
168691
168768
169358
169441
169650
169931
169939
170257
170390
170405
170580
170598
171697
171763
171835
171956
172393
172734
173213
173340
173796
173798
173839
173855
173945
174049
174064
174230
174362
174822
174918
174960
174980
175015
175017
175180
175341
175403
175522
175558
176194
176316
176369
176693
176715
177421
177941
178103
178174
178967
179062
179275
179314
179396
179872
180063
180458
180785
180854
180886
180959
181269
181626
181862
181948
182039
182040
182632
182643
182667
182773
182884
182933
183012
183069
183287
183700
183891
184073
184744
185216
185308
185364
185993
186565
186594
186603
186966
187224
187373
187385
187394
187468
187907
188183
188233
188254
188642
188903
188950
189115
189797
189801
190162
190519
190929
191063
191188
191267
191565
192030
192152
192889
193314
194005
194091
194139
194210
194452
194761
194825
195779
195851
195985
195996
196098
196493
196586
196891
196938
197372
197779
197804
198127
198159
198479
199049
199062
199113
199335
199537
199747
199869
199870
200197
200284
201138
201383
201430
201470
201642
201647
201657
202247
202633
202656
202726
202878
203029
203175
203208
203480
203679
204056
204534
204803
205032
205114
205272
205426
205559
206424
206489
206673
206999
207219
207504
207506
207539
207640
208118
208287
208468
208481
209095
209267
209591
209750
209791
209935
210392
210647
210807
210861
211072
211094
211138
211149
211835
212627
212803
213142
213198
213278
213332
213389
213613
213752
214716
214739
215227
215267
215309
215902
215967
216360
216503
216681
216696
216811
217300
217640
217807
218071
219098
219380
219447
219898
220308
220359
220483
221454
221528
221625
221655
221833
221890
222397
222573
222699
222711
222809
222953
222973
223258
223364
223365
223778
223819
224508
224747
224914
225005
225085
225905
225984
226027
226337
227067
227261
227367
227729
227821
228057
228170
228480
228621
228851
228954
228993
229003
229188
229264
229449
229475
229504
229521
229792
229904
230202
230386
230503
230731
230744
230886
231306
231524
231532
231760
231801
231909
231959
232148
232466
232602
232629
232846
233145
233402
233752
234044
234058
234337
234836
234847
236101
236329
237091
237329
237600
237957
238224
238250
238695
239486
239728
240142
240305
240317
240526
240557
240843
241008
241086
241178
241200
241265
241586
241615
241842
242062
242158
242172
242307
242728
242757
242931
242941
243445
243694
244283
244479
244586
244642
244646
244705
244796
244923
245112
245320
245518
245771
245848
246088
246188
246252
246271
246415
246443
246594
246759
246891
246892
246912
246921
247005
247091
247371
247501
247580
247593
247619
247752
248202
248253
248284
248375
248910
249177
249306
249410
249520
250051
250174
250225
250227
250238
250874
251168
251468
251629
251674
251875
252224
252264
252504
252763
252975
253142
253457
253527
253810
254086
254928
254951
255117
255242
255516
255598
255658
255680
255730
256164
256171
256612
256880
256957
257586
258098
258296
258433
258806
259409
259549
259846
260080
260263
260529
260782
260963
261139
261149
261295
261367
261428
261851
261901
261951
262130
262179
262439
262605
262871
263103
263130
263343
263516
263610
263618
263949
264341
264372
264859
264887
265069
265227
265234
265441
265681
265930
266142
266231
266428
266485
266526
266576
266588
266828
267154
267217
267442
267445
267876
268037
268052
268375
268598
268641
269120
269994
270094
270284
270404
270474
270582
270899
271337
271344
271430
271509
271963
272130
272519
272816
273150
273255
273318
273821
273993
274099
274237
274344
274759
274905
274979
275456
275722
276161
276519
276579
276709
277312
277351
277571
277698
277811
277882
277911
278248
278691
278975
279074
279302
279350
279364
279448
279659
279891
279900
280233
280311
280437
280876
281204
281240
281313
281316
281337
281414
281510
281995
282587
282715
282832
283684
283807
284434
284462
284595
284820
284855
284880
284938
285221
285251
285781
285859
287063
287250
287260
287853
288238
289052
289137
289218
289850
290451
290464
291074
291429
291492
292037
292245
292934
292984
293031
293048
293172
293471
293583
293632
293813
294000
294013
294104
294224
294339
295589
295674
295764
296051
296079
296149
296252
296370
296452
296915
297001
297023
297360
297431
297517
297661
297838
297885
297891
298321
298500
298800
299417
299839
299878
299937
300440
300565
300879
301316
301913
302000
302805
303060
303296
303484
303546
303974
304116
304380
304581
304583
304715
304794
304831
305059
305544
305743
305748
305874
305949
305985
306014
306305
306506
306713
306930
307480
307508
307684
307780
307966
307978
308158
308159
308200
308333
308513
308545
308685
308742
308911
309252
310102
310142
310271
310495
310498
310660
310780
310801
310931
311041
311184
311294
311416
311635
311891
311897
311908
312000
312257
312683
312788
313044
313348
313430
313467
313506
313800
314377
314593
314617
314641
315178
315939
316030
316146
316178
316249
316250
316457
316696
316722
316910
317059
317232
317251
317643
317898
318340
318382
318559
318944
318957
319042
319668
319967
320061
320213
320309
321134
321224
321489
321755
321795
322815
322843
323049
323699
323919
324308
324364
324711
324884
324888
325197
325359
326071
326266
326439
327101
327233
327388
327650
327854
327996
328128
328566
328793
329178
329264
329594
330009
330183
330199
330213
330359
330447
331332
331618
331701
331770
331938
332552
333140
333240
333300
333379
333589
333668
333996
334399
334514
334728
334947
335039
335218
335363
336159
336215
336473
336705
336817
336847
336942
336980
336994
337087
337449
337600
337842
338782
338848
338904
339138
339386
339450
340277
340301
340568
340860
340915
341141
341257
341381
341529
342029
342243
342662
343088
343273
343657
343665
343717
343774
343986
344201
344272
345145
345223
345242
345267
345309
345786
345961
346013
346032
347355
347574
347590
347595
347661
347917
348178
348488
348593
348652
349325
349348
349396
349470
349606
349637
349653
349913
349963
350811
350820
350879
351062
351960
352128
352199
352216
352441
352619
352704
352760
352771
352798
352992
353126
353270
353609
354233
354560
354721
354726
354776
354785
355296
355398
355421
355442
355661
356058
356165
356473
356508
356594
356693
357055
357129
357153
357376
357988
358148
358304
358661
359224
359335
359457
359537
359851
360217
360713
360862
361194
361426
361579
361938
362077
362104
362259
362357
362979
363041
363106
363499
363823
364095
364264
364598
364926
364977
365251
366005
366280
366313
366330
366421
366530
366829
366838
366985
367094
367579
367626
367668
368101
368715
369040
369122
369554
369754
369792
369832
369935
369991
370005
370041
370651
370904
371087
371468
371648
371888
371908
372060
373503
373600
374099
374125
374306
374516
374582
374638
375024
375131
375134
375326
375382
375700
375901
376048
376186
377139
377178
377192
377388
377474
377910
378116
378329
378445
378719
378866
379255
379329
379947
380093
380355
380628
381012
381255
381286
381518
382352
382441
382565
382819
383330
383388
383424
383456
383500
383714
383818
384008
384220
384261
384275
384355
384496
385161
385650
385996
386221
386410
386533
386941
387267
387293
387413
387826
388194
388197
388854
388878
388964
389330
389725
389993
390131
390550
390839
390869
390974
391037
391158
391317
391360
391564
391812
391826
392334
392589
392743
392848
392998
393204
393251
393890
394559
394564
394812
394852
395062
395103
395218
395399
395442
395713
395806
395868
395988
396286
396551
396670
396741
397507
397529
397820
397969
398016
398328
398374
398488
398869
398941
399141
399874
400206
400516
400835
400837
400982
401266
401542
401641
402259
402536
402664
402734
402783
402943
403072
403148
403328
403962
404019
404336
404630
404842
405275
405515
406587
406810
406870
407229
407571
407724
408730
408789
408979
409039
409043
409150
409305
409315
409364
409941
410413
410429
410525
410557
410700
411067
411502
411609
412035
412811
413431
413571
413631
414179
414225
414228
414373
414474
414752
414906
414946
415077
415178
415271
415905
416167
416208
416277
416279
416375
416414
416448
416581
416780
416946
416985
417242
417297
417361
417397
417426
417601
417700
417794
419056
419263
419285
419476
419609
419965
419992
420399
420647
420867
421085
421458
421767
421818
422196
422309
422459
422487
422531
422782
422970
423079
423214
423434
424048
424087
424098
424145
424183
424203
424929
425010
425197
425238
425462
425504
425636
426037
426545
427062
427137
427309
427443
427552
427678
428118
428393
428666
428915
429035
429040
429410
429558
429835
429937
430039
430065
430406
430842
431299
431437
431498
431595
432213
432221
432247
432329
432350
432544
432663
432695
432872
432911
433141
433165
433301
433350
433490
433711
434216
434463
434922
435110
435349
435759
435918
435932
436089
436142
436470
436685
436952
437067
437128
437404
437409
437497
437531
437580
437601
437926
438079
438324
438381
438525
438662
438711
438713
438985
439159
439680
439817
439843
439860
439984
440862
440867
440907
441158
441225
441230
441498
441619
441972
442178
442373
442500
442915
442991
443046
443511
443518
443625
443966
443989
444331
444613
444626
444780
445343
445493
445674
446203
446452
447294
447616
447756
448056
448066
448263
448371
448427
448523
448575
448576
448615
448794
449388
449563
450188
450450
450715
451284
451435
451460
451467
451632
452010
452324
452342
452425
452626
452890
453004
453077
453573
453770
453868
453870
453898
454205
454433
454596
454678
454871
454918
455188
455267
455495
455815
455999
456009
456010
456150
456205
456375
456446
456638
456725
457041
457119
457381
457560
457598
457802
457882
458118
458220
458395
458399
458507
458580
458767
458816
458831
458845
458898
458976
459087
459136
459445
459459
459529
459654
459819
460874
460890
461460
461466
461727
462097
462206
462452
462453
462483
462570
462622
462623
462791
462923
463141
463195
463326
463431
463635
463675
463779
463935
464001
464352
464506
464755
464914
465054
465454
465531
465624
465856
465881
466178
467051
467245
467336
467544
467570
467669
467670
468276
468380
468406
468609
468880
469214
469245
469290
469569
469864
470189
470231
470944
471153
471240
471561
471646
472412
472417
472519
472698
472708
472818
473109
473576
473872
473885
474583
474883
474960
475007
475116
475563
475741
475873
476012
476104
476364
476409
476449
476632
476970
476997
477173
477789
478079
478607
478685
478842
479102
479156
479293
479297
479298
479403
479526
479681
479697
479795
479833
479953
480106
480164
480265
480355
480782
481250
481281
481476
481602
482068
482191
482292
482513
482653
482678
482721
482777
483144
483856
483906
484097
484338
484529
484836
485063
485073
485477
485610
486029
486032
486464
486664
486667
486704
487001
487071
487554
487737
488162
489860
489997
490000
490063
490341
490599
490798
491268
491541
491560
491632
491799
491933
492425
493292
493295
493666
493913
494112
494570
494713
494761
495301
495554
496297
496566
496575
496726
497065
497159
497635
497740
498038
498238
498486
498776
498802
499090
499222
499521
499555
499672
499673
499946
500173
500301
500429
500475
500481
500828
501362
501543
501921
502023
502070
502170
502263
502375
502454
502569
502729
502732
502755
503004
503060
503360
503543
503721
503806
503972
504068
504179
504974
505200
505308
505391
505570
505598
505606
505815
505885
505952
505968
506041
506114
506228
506295
506394
506435
506441
506600
506611
506745
506877
506958
507304
507401
507414
507459
507889
507916
507956
507962
508056
508182
508561
509028
509260
509760
510246
510262
510291
510448
510454
511351
512201
512371
513288
513701
513758
513933
514118
514258
514291
514390
514415
514485
514693
514736
514808
514837
514868
515399
515406
515574
515628
515998
515999
516144
516644
516652
516709
516756
517186
517540
517564
517766
517980
518236
518357
518390
518456
518566
518829
519237
519567
519586
519608
519616
519710
520136
520175
520627
520659
520755
520790
521214
521265
521311
521412
521701
521958
522096
522281
522462
522482
523324
523505
523681
523919
524121
524123
524261
524609
525056
525132
525195
525239
525364
525777
526563
526588
526774
527146
527235
527802
528272
528749
528920
529112
529135
529252
529539
529574
529587
529742
529825
529856
530634
530750
530807
530867
530883
531452
531461
531468
532654
532746
532818
533237
533240
533327
533406
533790
534298
534572
534799
534921
534977
535264
535442
535507
535582
535660
535704
535785
536320
536957
537308
537521
537987
538432
538460
538613
538632
538873
538919
539489
539642
539690
539780
540046
540181
540708
540748
541010
541012
541089
541235
541282
541417
541428
541457
541826
541853
542031
542193
542306
542828
542840
543077
543351
543537
544238
544709
544720
544804
545034
545185
545495
545616
546416
546490
546794
547056
547191
547269
547364
547442
547632
547729
547866
547890
548102
548403
548587
548833
549301
549917
550151
550201
550213
550388
550402
550940
551029
551161
551513
551514
551705
551893
552014
552038
552120
552595
552622
552733
552859
553162
553293
553408
553420
553473
553696
553849
553925
554058
554086
554106
554235
555039
555064
555279
555568
555586
555596
555630
555741
555955
555992
556082
556103
556156
556206
556241
556614
557076
557245
557504
558236
558432
559282
559320
559333
559634
559679
559862
560119
560138
560305
560416
560619
560657
560807
560929
561251
561668
561730
561920
562115
562292
562363
562535
562600
562928
563139
563196
563203
563620
563845
563867
564227
564623
564713
564910
565158
565329
565611
565799
565837
565908
566099
566176
566573
566839
566949
567007
567418
567723
567758
568064
568415
568732
569247
569254
569888
570079
570153
570436
570904
571431
571739
572385
572411
572537
572914
573134
573297
573598
574312
574579
574632
574863
575031
575094
575277
575888
575890
576099
576132
576263
576346
576354
576611
576637
576967
577320
577555
577749
577777
577839
578008
578596
578776
579011
579475
579622
580344
580364
581037
581214
581293
581333
581376
581379
581621
581693
581743
581765
581911
582244
582347
582401
582888
582913
582933
582967
583102
583191
583252
583642
583884
584177
584541
584695
585123
585152
585711
586114
586286
586509
586916
586969
586974
587528
587651
587847
587862
588026
588108
588116
588204
588244
588383
589065
589605
589750
590316
590335
590355
590655
590759
591071
591448
591535
591572
591574
591976
592486
592691
592724
593371
593432
593516
594017
594292
594316
594427
594433
594699
595132
595379
595795
596028
596255
596358
596453
596455
596554
597040
597341
597772
598152
598387
598426
598438
598525
598754
598773
598812
598959
599001
599100
599588
599722
599901
600009
600108
600275
600366
600680
601204
601689
601798
601921
602080
602088
602170
602190
602335
602525
602721
602916
603660
603850
603906
603966
603994
604002
604063
604167
604247
604818
604988
605030
605164
605358
605753
605868
605872
606106
606381
606667
606883
606906
606952
607261
607453
607664
607706
607786
607912
608030
608476
608826
608849
609104
609734
609748
609825
609899
610108
610250
610484
610748
611129
611389
611493
611541
611639
611670
611807
612001
612072
612146
612156
612381
612401
613196
613216
613307
613494
613717
613952
614099
614120
614676
614758
614969
615151
615505
615611
615837
615915
616009
616140
616889
616980
617818
618013
618136
618208
618831
619185
619261
619493
619807
620317
620605
620704
621118
621330
621469
621529
621699
621874
622007
622246
622384
622467
622987
623217
623362
623493
624066
624080
625433
625501
625623
625838
626190
626242
626281
626578
626718
626839
626989
627093
627323
627416
627462
627645
628041
628239
628410
628498
628545
628731
628765
628800
628869
628925
629109
629145
629249
629559
629593
629904
629952
630042
630102
630383
630480
630572
630797
630889
631047
631217
631352
631579
631617
631678
632178
632191
632233
632610
632997
633109
633201
633589
634078
634127
634167
634963
635577
635713
635812
635991
636474
636496
636579
636705
636890
636963
637067
637268
637282
637413
637660
637818
638013
638431
638628
638714
639180
639497
639556
639791
640145
640272
640290
640323
640351
640478
640625
640685
640703
641060
641185
641746
641808
641990
642102
643230
643299
643302
643421
643477
643632
643660
643755
643911
644014
644338
644621
644992
645130
645249
645327
645510
645600
645775
645930
646015
646467
646537
646624
646640
646646
646822
647117
647152
647160
647388
647868
647916
648008
648130
648373
648469
648604
648625
648657
648850
648867
648913
649234
649235
649646
649692
649912
650086
650093
650586
650759
651279
651404
651464
651717
651800
651994
652203
652388
652719
652775
652814
652851
652972
653158
653162
653921
654236
654281
654295
654521
654744
655170
655249
655301
655456
655562
655845
656293
656426
656483
656912
657147
657293
657414
657479
657672
658060
658104
658185
658589
658663
658696
658764
659338
659652
660260
660368
660401
660775
660851
661441
661523
661671
661768
662581
662890
663234
663253
663718
663867
663986
664096
664099
664188
664477
664552
664612
664657
665041
665165
665804
666092
666168
666323
666559
666737
666764
666769
666852
667254
667345
667479
667539
667861
667919
667972
668102
668244
668292
668322
668362
668660
668662
669054
669409
669700
670207
670208
670275
670289
670355
670663
670797
670883
671141
671229
671285
671354
671457
671691
671747
671767
671937
671940
672005
672242
672633
672881
673121
673183
673269
673318
673340
673444
673464
673632
673707
674322
674363
674777
674896
674907
675023
675034
675161
675163
675786
675927
676154
676213
676342
676900
677079
677093
677128
677138
677369
677773
677824
677831
677983
678079
678688
678764
678887
678970
679033
679281
679616
679651
679825
679895
679929
680243
680299
680460
680809
680972
681211
681406
681998
682340
682651
682922
683951
684005
684117
684155
684243
684440
684788
684848
684900
685117
685398
685415
685684
685950
686014
686521
686570
686815
686855
686916
687034
687500
687901
687903
687956
688113
688118
688438
688500
688695
688724
689146
689221
689432
689628
689725
689768
689843
689995
690008
690061
690412
690975
691745
691907
692031
692048
692447
692448
692519
692751
692928
693106
694009
694216
694256
694297
694538
694580
694863
694912
695204
695472
695540
695881
695997
696094
696160
696625
696695
696859
697072
697390
697396
697775
697828
698402
698465
699047
699244
699456
699690
699821
699913
700076
700391
700427
700580
700775
701281
701347
701601
701978
702252
702344
702422
702531
702532
702678
703190
703209
703266
703318
703354
703360
703778
703795
703907
704048
704358
704875
705053
705354
705426
705871
705894
706467
706469
706645
706707
706818
706961
707190
707232
707541
707549
708041
708282
708359
708436
708505
708811
709188
709283
709293
709388
709611
710055
710111
710194
710459
710493
710576
710668
710795
711092
711416
711647
711663
711718
711832
711879
712102
712285
712466
712648
712941
713009
713285
713391
713468
713557
713809
713918
714043
714178
714215
714305
714366
715058
715116
715147
715304
715521
715758
716187
716446
716485
716567
717002
717195
717581
717700
717711
717794
717939
718123
718171
718715
718882
718995
719452
719627
719739
719902
720010
720151
720380
720770
720926
721046
721108
721231
721894
722334
722469
722737
722801
722844
722893
722916
722979
723263
723449
723551
723587
723845
723869
724134
724321
724696
724774
725044
725148
725256
725283
725285
725299
725586
725739
725831
726143
726351
726425
727111
727335
727524
727663
727704
728146
728159
728571
728692
728859
729218
729499
729726
729831
730271
730521
730562
730779
731069
731448
731657
731675
731691
732109
732132
732429
732672
732854
733517
733620
734180
734237
734246
734459
734542
734857
734943
735130
735935
735948
736122
736267
736419
736489
736701
736861
737064
737197
737458
737924
738223
738438
739056
739260
739262
739445
739558
739915
740062
740497
741518
742124
742312
742332
742346
742355
742517
742538
742730
742840
742904
743015
743181
744176
744229
744855
745000
745143
745222
745342
745356
745961
745983
746177
746201
746259
746707
746999
747229
747536
748490
748739
748895
749096
749235
749321
749588
749629
749641
749810
750296
750371
750434
750612
750645
751150
751214
751348
752241
752646
752670
752723
752847
752952
753039
753108
753310
753326
753411
753423
753539
753586
753988
754106
754194
754389
755199
755445
755552
755585
755662
755797
756160
756202
756324
756453
757001
757055
757316
757516
757534
757864
757934
758009
758040
758167
758280
758937
759332
759350
759384
759474
760028
760350
760632
760970
761011
761192
761829
761997
762053
762494
762581
762703
763344
763418
763749
763799
763961
764258
764610
764796
764926
764964
764983
765130
765417
765687
765928
765966
766067
766502
766549
767475
767640
767778
767884
768239
768436
768693
768784
769238
769384
770116
770488
770540
770727
770742
771498
771680
771751
771992
772240
772344
772665
772787
772861
772926
773074
773344
773424
773495
773687
774143
774237
775273
775419
775437
775467
775873
775973
775986
776201
776355
776652
776672
776823
776866
776945
776980
777050
777084
777202
777257
777343
777382
777383
777518
777604
777826
777884
777960
778093
778199
778530
778653
778738
779388
779876
780001
780306
780966
781328
782033
782077
782648
783166
783167
783398
783586
783666
783952
784068
784176
784185
784231
784337
784476
784640
784832
785278
785313
785403
785511
785625
785970
786226
786492
786781
786784
786805
787355
787459
787742
788173
788300
788603
788887
788941
789283
789287
789564
790297
790422
791122
791309
791350
791361
791400
791542
792009
793043
793536
793623
793900
794038
794131
794304
794494
794690
794843
794878
796037
796127
796839
796929
797044
797549
797564
797597
797632
797718
798260
798578
799012
799345
799370
800456
800697
800704
800843
800856
800925
800966
801040
801142
801276
801359
801382
801422
801573
801678
801683
801799
801975
801988
802222
802327
802336
802405
802518
802641
802801
803064
803102
803142
803277
803495
804093
804331
804370
804829
804881
804893
804914
804935
805192
805376
805549
805833
806507
806887
807579
807805
808578
808579
808726
809030
809174
809542
809631
809890
810016
810026
810101
810159
810217
810224
810349
810849
811176
811769
811866
811895
812340
812655
812982
813211
813239
813274
813734
813790
814392
814467
814697
815059
815503
815550
815729
815862
816101
816273
816284
816655
816659
816998
817229
817280
817486
817593
817767
817807
817981
818325
818815
819150
819158
819236
819747
819907
819909
819991
820244
820289
820290
820527
820551
820767
821161
821239
821379
821386
821448
821845
821909
822377
822432
822485
822506
822567
822597
822619
822696
822785
822829
823042
823051
823108
823571
823598
823828
823930
824501
824705
825030
825183
825428
825779
826340
826521
826530
826565
827158
827285
827736
827761
827964
828103
828361
828422
828434
828441
828448
828632
828747
828981
829300
829530
829570
829905
830115
830263
830303
830730
831301
831334
831501
831639
831712
831819
832024
832052
832223
832268
832686
832696
832745
832837
832983
833010
833096
833204
833297
833422
833482
833511
833823
833935
834095
834331
834436
834856
835092
835094
835124
835154
835197
835257
835344
835826
835844
835916
836029
836077
836276
836295
836477
836528
836913
837062
837302
837411
837589
837807
837871
838109
838226
838336
838560
838678
838704
839101
839176
839394
839570
839652
839935
840022
840065
840348
840510
840936
841143
841389
841597
842283
843169
843882
844298
845005
845119
845269
845273
845373
845586
845678
846072
846129
846207
846395
846653
846668
846673
846809
846826
847344
847413
847819
847844
847895
847926
848208
848959
849287
849499
849742
849913
850004
850041
850092
850142
850347
850506
850597
850629
850672
851344
851963
852084
852294
852305
852439
852703
852763
852838
852839
853016
853087
853272
853513
853684
854311
854496
854934
855049
855309
855328
855399
855466
855565
855632
855795
856087
856333
857131
857142
857314
857410
857659
858176
858612
858763
859408
859525
859750
859946
860325
860331
860531
860751
860892
861353
861584
862052
862706
862708
862822
862843
863144
863166
863276
863369
863670
864247
864331
864393
864438
864472
864521
864857
865007
865252
865330
865663
865695
865929
866716
866764
866785
866910
866996
867709
867790
868600
868709
868722
868755
868758
868830
868873
868943
868989
869002
869057
869088
869459
870221
870240
870579
870840
870916
871401
871560
872225
872455
872466
872585
872989
873464
873496
873705
873845
873928
873965
874416
874470
874527
874675
874833
875323
875446
875478
875696
875712
875794
876023
876055
876826
876936
877112
877470
877638
877676
877734
877966
878005
878021
878169
878448
878687
878732
878814
878869
879507
879604
879645
879855
880423
880438
880770
881042
881172
881187
881439
881546
881685
881788
881866
881916
881942
882225
882280
882358
882384
882393
882623
882851
883097
883383
883504
883784
884057
884326
884371
884612
884893
884977
885088
885166
885202
885308
885404
885734
886122
886351
886515
886530
886695
887289
887297
887619
887812
888148
888207
888246
888818
888998
889272
889371
889781
889850
889940
889989
890270
890331
890438
890575
890591
890700
890859
890923
890964
891003
891106
891952
892171
892307
892419
892516
892829
893014
893125
893223
893237
893358
893384
893843
893857
894151
894362
894789
895817
895850
895942
896336
896344
896465
896468
896845
896896
896910
896979
897193
897213
897226
897591
897862
898041
898068
898577
899109
899151
899563
899743
899781
899823
900546
900608
900774
901058
901155
901291
901396
901405
901613
901657
901757
901761
901829
901960
902302
902516
902603
902756
902906
903998
904460
904625
904707
904734
904856
904898
904943
905052
905069
905153
905174
905207
905503
905508
905645
905852
905948
906017
906259
906594
907027
907762
907769
907941
908050
908882
908892
909264
909623
909648
909745
909769
909922
910001
910071
910203
910744
910746
910965
910979
911059
911435
911485
911591
911949
911969
911986
912174
912298
912444
913134
913173
913189
913217
913243
913510
913544
913936
913965
914871
914877
914898
915026
915084
915132
915139
915350
915710
915876
915948
916045
916094
916459
917375
917472
917577
917687
917872
918200
918446
918552
918581
918856
919461
919828
919915
920111
920153
920164
920271
920379
920959
921382
921408
921445
921585
922038
922172
922298
922899
923059
923170
923183
923410
923644
923656
923830
923889
923939
923981
924166
924220
924287
924325
924675
924922
925124
925208
925965
926012
926214
926361
926481
926541
926702
926840
926914
927137
927508
927787
928103
928225
928496
928633
928739
928829
928836
928883
929015
929188
930120
930181
930384
930648
930690
931088
931242
931438
931699
932276
932490
932753
932946
933139
933245
933409
933593
933598
933622
933897
933962
934578
934594
934605
934654
934845
934924
934948
935279
935402
935586
935646
935814
935947
936013
936535
936585
936877
936992
937026
937113
937228
937620
937701
937737
937811
937902
938170
938582
938722
938742
938781
939379
939535
939576
939775
940288
940380
941230
941430
941679
942016
942471
943211
943399
943566
943713
943870
944065
944181
944202
944370
944380
944394
944418
944515
944550
944733
944801
944862
944906
944954
945022
945076
945629
945811
945837
945922
945933
945975
946274
946321
946370
946408
946464
946536
946564
946827
946999
947040
947134
947239
947374
947695
947811
947884
947986
948006
948130
948163
948192
948267
948360
948402
948672
948691
948777
948794
949072
949496
949766
949987
950374
950810
951210
951294
951497
951824
952196
952538
952827
952891
953111
953125
953458
953533
953572
953740
953879
954806
954962
955290
955446
955491
955567
955583
955636
956060
956439
956566
956719
956982
957060
957266
957278
958103
958214
958252
958266
958385
958423
958439
958454
958498
958853
958884
959615
960223
960240
960362
960464
960625
960719
960766
960823
960950
961007
961113
961232
961611
961671
962514
962624
962731
962761
962780
962811
962965
963077
963221
963276
963427
964053
964436
964528
964906
965441
965564
966006
966257
966658
967177
967334
967570
967694
967937
968310
968328
968793
969185
969205
969585
969596
969805
969860
969899
970095
970222
970409
970610
970736
970827
970923
971127
971283
971361
971745
971933
972028
972447
972553
972585
972786
972835
972992
973100
973242
973326
973384
973422
973501
973526
973551
973781
973824
973887
974043
974314
974660
974886
975075
975098
975260
975723
975727
976533
976822
976929
976951
976958
977102
977186
977246
977254
977260
977315
977334
977462
977553
977711
978034
978066
978068
978316
978804
978833
979181
979347
979576
979638
979868
980063
980094
980853
980952
980985
981013
981124
981139
981436
981962
982166
982185
982275
982814
982986
983378
983415
983435
983620
984037
984179
984258
984642
984718
984740
985289
985400
985730
986013
986621
986784
986907
987164
987226
987425
987429
988224
988262
988575
988848
989277
989647
989950
990238
990239
990331
990526
990641
991143
991171
991686
991711
992078
992113
992150
992388
992437
992569
992582
992585
992861
993050
993410
993801
994084
994508
994573
994574
994995
995178
995241
995260
995309
995319
995434
995654
995805
995989
996047
996409
996470
996677
996684
996837
996935
996942
997292
997458
997460
997607
997665
998053
998083
998402
998636
998680
998734
998865
998924
999248
999370
999422
999506
999509
