124
16358
55365
57110
66134
86689
88348
89129
89982
99494
117969
131168
142959
166619
177629
195723
202583
258964
262343
266497
277486
281566
288006
303813
326440
339656
348418
354246
363291
364856
380643
385149
403670
414911
440759
440822
446130
455160
459681
461184
470175
475008
494825
497912
499219
499841
504990
520086
525692
532383
540462
543884
550372
576171
585259
593365
595192
595252
598525
609912
624239
625951
631583
638146
647524
665592
675340
680117
698555
705860
712497
716035
747231
759009
761848
764868
765438
771461
783657
797344
819435
823800
854834
859169
865280
877407
891549
893605
902045
907305
911276
950285
955152
966208
967061
970343
974054
975468
984801
988290
