273
387
442
468
659
767
775
870
941
1134
1286
1314
1581
1880
1890
2048
2218
2232
2237
2259
2566
2724
3312
3423
3745
3788
3822
3855
3884
3917
3973
4024
4027
4036
4510
4757
4944
5017
5035
5226
5294
5307
5438
5523
5584
5650
5932
6136
6219
6274
6391
6417
6434
6497
6662
6712
6713
6818
6855
7016
7080
7118
7130
7410
7437
7553
7686
7724
7744
7768
8010
8120
8146
8231
8254
8384
8552
8593
8611
8841
8875
9147
9300
9583
9667
9856
9857
10073
10110
10251
10256
10296
10315
10326
10418
10424
10434
10439
10552
10657
10678
10982
11006
11093
11358
11410
11584
11640
11678
11690
11856
11924
12008
12203
12264
12266
12386
12453
12505
12575
12580
12677
12785
12865
12894
12903
13163
13209
13278
13443
13544
13653
13707
13837
13956
13968
14038
14336
14438
14528
14564
14641
14785
14881
14906
14917
15093
15114
15232
15276
15282
15297
15400
15488
15832
15858
16130
16132
16260
16487
16571
16643
16652
16853
16886
17048
17056
17167
17320
17336
17376
17457
17515
17558
17640
17786
17851
18000
18239
18240
18387
18449
18558
18565
18592
18774
18936
19006
19236
19531
19578
19597
19636
19850
19858
19943
20088
20157
20223
20353
20386
20407
20582
20598
20641
20924
21093
21141
21563
21565
21640
21716
21804
21896
22191
22350
22407
22468
22654
22771
22956
23097
23103
23261
23265
23282
23321
23373
23418
23437
23451
23497
23530
23773
23812
23856
23903
24211
24384
24721
24752
24775
24822
24840
24844
24854
24863
24995
25062
25101
25208
25219
25552
25639
25705
25709
25739
25762
25888
25901
25943
25963
25987
26349
26713
26753
26819
26906
27002
27306
27335
27409
27477
27584
27666
27672
27756
27782
27861
27869
27896
27996
28051
28093
28329
28331
28413
28460
28772
28932
28988
29022
29252
29296
29322
29338
29416
29600
29625
29693
29739
29915
29929
29987
30143
30173
30220
30335
30459
30495
30655
30715
30883
31132
31139
31210
31216
31273
31370
31372
31388
31395
31514
31539
31608
31787
31897
31998
32119
32133
32197
32295
32327
32342
32347
32434
32454
32493
32601
32693
32811
32952
33123
33154
33346
33365
33474
33615
33645
33731
33789
33843
33934
33944
33948
33953
34042
34061
34124
34335
34402
34408
34435
34467
34495
35070
35093
35244
35263
35484
35513
35541
35614
35722
35760
35875
35930
36547
36659
36803
36853
36924
36986
37008
37032
37085
37284
37413
37588
37592
37688
37755
37782
37798
37949
37976
37991
38010
38049
38057
38080
38154
38683
38773
38889
38959
39022
39334
39358
39433
39455
39713
39811
39867
39891
40023
40058
40079
40104
40165
40168
40261
40556
40756
40779
40848
40991
41160
41178
41222
41506
41573
41611
41615
41770
41804
42182
42214
42220
42351
42596
42807
42818
42891
42906
43204
43234
43301
43590
43790
43849
43864
43935
44046
44175
44381
44558
44786
45038
45078
45120
45126
45149
45220
45320
45436
45518
45549
45658
45856
45914
45937
45989
46001
46113
46236
46452
46473
46535
46590
46833
46867
46872
46892
46919
47096
47230
47257
47616
47768
47795
47919
47946
48130
48176
48236
48261
48422
48471
48489
48614
48627
48737
48854
48890
48906
48994
49044
49058
49068
49330
49345
49511
49562
49678
49736
49852
49864
49994
50214
50219
50332
50568
50891
51045
51147
51196
51218
51484
51540
51642
51660
51886
52176
52239
52433
52506
52582
52594
52604
52766
52863
52870
52887
53198
53271
53294
53671
53771
53984
53996
54404
54412
54555
54569
54744
54955
54986
55118
55225
55274
55494
55495
55505
55649
55753
55794
55857
55884
55942
56040
56051
56148
56257
56266
56844
56910
56980
57064
57264
57314
57702
57736
57742
58074
58077
58187
58226
58306
58407
58459
58475
58947
59104
59374
59443
59486
59575
59664
59683
60060
60214
60219
60270
60352
60545
60566
60574
60660
60898
60991
61007
61331
61516
61563
61569
61570
61629
61648
61743
61825
61830
61961
62015
62043
62109
62384
62400
62742
62969
63028
63182
63205
63285
63385
63539
63542
63631
63637
63640
64030
64046
64083
64112
64261
64264
64364
64580
64664
64674
64680
64685
64718
64735
64859
64940
64947
64985
65071
65109
65307
65376
65454
65673
65739
65800
65814
65852
65947
65954
66148
66484
66544
66555
66671
66758
66909
67081
67131
67157
67216
67217
67256
67293
67344
67395
67402
67415
67458
67499
67615
67764
67783
67800
67818
67956
67988
68031
68248
68673
68954
69082
69110
69112
69147
69158
69212
69371
69501
69509
69520
69655
70078
70149
70190
70254
70296
70583
70595
70675
70758
70880
70945
71034
71207
71261
71326
71360
71457
71525
71543
71568
71657
72053
72128
72196
72370
72443
72597
72789
72830
73052
73122
73176
73280
73288
73658
73959
73965
74068
74080
74344
74357
74393
74436
74669
74690
74731
74778
74811
74888
75030
75083
75151
75276
75315
75567
75745
75788
75819
76016
76320
76390
76478
76716
76866
76890
77329
77437
77626
77852
77899
77914
77934
78046
78075
78267
78358
78455
78591
78997
79393
79435
79436
79472
79496
79497
79578
79607
79609
79615
79704
79843
80080
80235
80273
80412
80588
80792
80856
80893
81274
81353
81399
81449
81452
81491
81530
81534
81602
81668
81839
81913
82001
82148
82233
82323
82449
82464
82531
82669
82826
82910
83058
83158
83260
83296
83448
83500
83593
83722
83742
83751
83881
83975
84162
84209
84242
84301
84358
84361
84402
84444
84456
84639
84682
84836
84858
85013
85048
85144
85593
85625
85634
85950
86108
86116
86170
86277
86309
86406
86476
86649
86781
86789
86798
86846
86944
87137
87246
87367
87643
87931
87957
87974
88181
88261
88292
88467
88596
88767
88842
88946
89004
89182
89308
89789
89970
90008
90062
90116
90186
90216
90664
90879
90969
91329
91394
91573
91843
91918
92006
92074
92119
92212
92239
92474
92489
92640
92649
92780
92788
92939
92956
93092
93105
93230
93246
93271
93300
93324
93605
93735
93833
93891
94009
94169
94371
94515
94662
94773
94803
94899
94921
94924
95117
95695
95821
95868
95891
95955
95974
96125
96163
96352
96523
96569
96591
96698
96828
96957
97063
97135
97145
97267
97383
97416
97473
97542
97561
97671
97832
97940
98050
98068
98324
98341
98369
98512
98713
99108
99177
99407
99408
99446
99778
99911
100257
100327
100549
100717
100737
100872
100893
101037
101138
101203
101441
101496
101617
101650
101672
101775
102030
102063
102155
102192
102342
102376
102413
102528
102607
102616
102622
102667
102685
102709
102778
102790
102847
102881
103427
103497
103611
103736
103883
103910
103945
104189
104302
104305
104328
104533
104647
104661
104842
104933
105019
105162
105212
105334
105556
105736
105806
105935
106048
106064
106165
106167
106175
106290
106337
106453
106469
106599
106611
106744
106895
106956
106984
107188
107243
107244
107293
107337
107518
107620
107642
107705
107719
107814
107963
108134
108436
108726
108762
109005
109024
109042
109349
109380
109404
109471
109680
109940
110044
110137
110170
110244
110342
110366
110387
110434
110466
110502
110863
110905
110974
111151
111200
111232
111383
111486
111575
111586
111627
111927
111944
111999
112149
112293
112314
112351
112370
112402
112470
112695
112719
112820
112894
112979
113114
113148
113194
113244
113482
113513
113564
113729
113805
113826
113865
114012
114024
114139
114285
114346
114442
114502
114696
114712
114719
114853
114927
115085
115089
115313
115373
115397
115556
115598
115732
115834
115865
115867
115908
116040
116054
116072
116111
116116
116266
116402
116437
116442
116821
116933
116949
117093
117110
117294
117481
117514
117595
117718
117788
117942
118006
118014
118021
118031
118173
118392
118557
118612
118846
118847
118966
118994
119018
119074
119081
119163
119213
119300
119340
119412
119466
119497
119731
119762
119810
119862
119893
119895
120047
120080
120104
120151
120239
120402
120429
120587
120688
120749
120788
120905
120948
121177
121220
121281
121544
121550
121567
121599
121608
121610
121623
121660
121791
121868
122007
122178
122223
122420
122758
122948
123008
123025
123062
123129
123178
123258
123594
123761
123959
123997
124029
124102
124463
124509
124716
124731
124733
124797
124907
125016
125087
125117
125304
125382
125535
125687
125702
125816
125831
125843
126169
126236
126437
126630
126631
126853
126889
126995
127144
127253
127534
127659
127671
127777
127887
128011
128150
128206
128397
128485
128549
128566
128740
128851
128858
128934
129145
129256
129361
129448
129465
129492
129518
129610
129621
129678
129753
129929
130166
130180
130368
130401
130415
130450
130510
130707
130722
130809
130851
130905
130971
131069
131120
131170
131184
131239
131365
131375
131413
131578
131857
131992
132032
132135
132246
132435
132584
132609
132654
133082
133257
133266
133275
133287
133467
134219
134283
134333
134342
134368
134387
134491
134726
134829
134879
135120
135277
135289
135320
135414
135751
135781
135931
135951
135982
136060
136099
136115
136176
136316
136320
136524
136594
136621
136671
136794
136930
136961
137006
137092
137095
137198
137228
137253
137425
137451
137492
137678
137699
137946
138066
138138
138190
138203
138227
138308
138393
138404
138593
138842
139012
139067
139073
139140
139290
139435
139471
139734
139767
140210
140303
140326
140488
140501
140569
140630
140784
140813
140861
140917
141152
141259
141266
141377
141408
141510
141766
141819
141878
142374
142456
142615
142662
142676
142700
142756
143042
143143
143203
143279
143377
143438
143459
143477
143521
143569
143693
143739
143745
143817
143851
143891
143895
144191
144251
144263
144290
144345
144387
144456
144566
144767
144868
145030
145077
145168
145257
145336
145486
145538
145573
145742
145753
145995
146183
146443
146525
146604
146767
146778
146808
146829
146841
146855
147014
147173
147709
148210
148214
148253
148294
148296
148467
148546
148595
148606
148696
148790
148815
148859
148862
148912
149032
149205
149506
149522
149566
149587
149623
149803
149840
149889
149946
150059
150115
150285
150288
150390
150459
150531
150961
151021
151099
151121
151162
151183
151239
151356
151437
151442
151465
151476
151613
151778
151887
151931
151980
152068
152090
152106
152109
152133
152154
152220
152362
152385
152422
152486
152546
152714
153091
153109
153118
153153
153321
153458
153462
153740
153772
153786
153846
154019
154074
154337
154348
154461
154476
154569
154611
154659
154726
154842
154873
154898
154924
155588
155712
155719
155821
155927
156133
156254
156383
156389
156608
156752
156754
156905
156939
156981
157049
157324
157409
157462
157529
157604
157716
157753
157775
157790
157800
158094
158110
158172
158475
158507
158620
158750
158786
158792
158864
158945
159042
159109
159336
159394
159435
159468
159494
159574
159905
159987
160068
160353
160430
160522
160560
160720
161121
161170
161329
161521
161623
161627
161628
161799
161834
161866
161890
162030
162109
162111
162139
162156
162166
162347
162373
162475
162565
162711
162969
163000
163176
163254
163318
163485
163583
163888
163917
163968
163984
164136
164296
164359
164400
164420
164605
164750
165008
165188
165303
165331
165523
165585
165623
165786
165997
165998
166148
166248
166304
166355
167358
167374
167381
167460
167549
167667
167735
167765
167845
168163
168488
168614
168815
168867
168890
168957
169198
169285
169425
169579
169585
169642
169661
169778
170165
170390
170392
170393
170548
170552
170562
170624
170732
170761
170807
170974
171178
171384
171424
171448
171467
171494
171495
171686
171744
171760
171765
171906
171973
172047
172218
172263
172302
172329
172409
172457
172586
172591
172631
172752
172771
172897
172917
172939
172971
173069
173302
173428
173431
173561
173710
173743
173804
173910
173999
174042
174169
174175
174450
174594
174760
174808
175007
175092
175136
175177
175211
175293
175348
175515
175569
175578
175601
175602
175745
176039
176364
176491
176542
176621
176636
176981
177306
177401
177437
177537
177576
177589
177613
177751
177883
177905
178283
178294
178361
178375
178388
178644
178717
179166
179192
179306
179327
179639
179814
179832
179959
179977
180021
180022
180115
180179
180253
180464
180527
180672
180694
180881
180885
181006
181139
181152
181216
181281
181284
181423
181539
181563
181587
181669
181718
181850
181991
182164
182245
182290
182329
182642
182659
182762
183190
183260
183318
183495
183506
183529
183625
183670
183726
183864
183999
184003
184091
184117
184181
184221
184225
184268
184284
184464
184574
184580
184613
184660
184705
184773
185015
185101
185123
185367
185390
185428
185598
185673
185859
185887
185893
185981
186009
186039
186043
186045
186181
186346
186578
187063
187094
187223
187245
187268
187368
187373
187644
187712
187988
188040
188130
188272
188349
188503
188811
189002
189014
189086
189390
189786
189847
189951
189952
190029
190059
190072
190080
190179
190236
190314
190330
190342
190452
190495
190608
190738
190906
191063
191100
191139
191142
191245
191526
191896
191949
192063
192204
192332
192379
192577
192937
193088
193166
193189
193204
193389
193426
193550
193585
193842
193986
193996
194070
194075
194229
194321
194422
194486
194554
194624
194796
195097
195102
195132
195231
195386
195555
195700
195701
195705
195719
195955
196071
196076
196202
196217
196312
196327
196355
196396
196429
196458
196485
196789
196795
196971
197177
197345
197348
197367
197415
197432
197554
197595
197652
197862
197954
198257
198370
198711
198712
198722
198768
198903
198997
199085
199161
199326
199454
199523
199567
199635
199937
200105
200116
200772
200963
201027
201086
201135
201188
201334
201551
201660
201679
201693
201881
202415
202450
202492
202601
202999
203067
203183
203336
203362
203539
203687
203738
203776
203823
203832
203980
204448
204516
204528
204686
204936
204978
205029
205264
205272
205304
205310
205400
205608
205610
205775
205788
205819
205823
205894
206171
206185
206534
206546
206656
206672
206674
206694
206895
206985
207033
207060
207271
207332
207377
207699
207863
207914
208003
208057
208098
208112
208188
208364
208572
208579
208737
208785
208918
208930
209126
209279
209474
209491
209671
209769
209868
209948
210312
210321
210363
210384
210500
210505
210752
210894
210912
210936
210939
211101
211313
211485
211597
211759
211987
212122
212139
212243
212300
212333
212497
212687
212907
212936
212979
213027
213063
213207
213315
213562
213675
213701
213853
214076
214150
214199
214249
214321
214332
214441
214442
214554
214667
214874
214890
214901
215006
215181
215236
215362
215415
215416
215431
215555
215628
216630
216757
216789
217110
217182
217216
217218
217321
217337
217521
217581
217620
218109
218320
218348
218498
218587
218698
218776
218850
218902
218936
219057
219202
219215
219222
219350
219465
219559
219686
219772
219860
219946
220014
220454
220546
220681
220754
220776
220913
220940
221074
221100
221133
221155
221167
221233
221286
221316
221576
221675
221853
221875
221983
222029
222243
222415
222805
222867
223018
223022
223129
223190
223222
223225
223366
223384
223452
223620
223699
223809
223862
223974
224063
224125
224294
224337
224579
224902
224958
225080
225090
225137
225175
225190
225513
225559
225577
225650
225784
226079
226115
226277
226318
226406
226465
226482
226538
226713
226725
227086
227140
227146
227170
227237
227530
227639
227715
227717
227822
227919
228157
228436
228595
228600
228629
228839
228882
228901
229018
229046
229095
229096
229301
229383
229421
229660
229719
229727
229857
230119
230143
230190
230309
230313
230436
230680
230839
230859
230866
231198
231419
231601
231720
231917
231966
232016
232070
232130
232204
232205
232211
232358
232397
232420
232629
232640
232662
232715
232742
232744
232856
232877
233022
233106
233211
233228
233269
233336
233409
233571
233831
233983
234060
234069
234139
234295
234302
234343
234416
234483
234625
234627
234653
234825
234888
234937
235014
235177
235215
235302
235475
235574
235605
235635
235764
235829
235861
236052
236071
236150
236243
236365
237021
237432
237593
237801
237927
237957
237964
237967
238101
238385
238430
238490
238593
238744
238762
238839
238867
238976
239014
239220
239387
239388
239396
239397
239477
239498
239687
239718
239922
240252
240350
240499
240521
240592
240594
240616
240675
240793
240961
241050
241104
241113
241149
241160
241356
241449
241508
241653
241739
241788
241904
241907
241976
242027
242044
242171
242180
242257
242265
242266
242305
242443
242570
242607
242817
242967
243101
243108
243270
243472
243541
243680
243718
243761
243863
243921
243955
244093
244230
244406
244677
244827
244853
244893
245058
245115
245200
245224
245304
245309
245382
245422
245532
245559
245841
246024
246274
246309
246339
246439
246629
247042
247060
247464
247483
247677
247755
247807
247829
247895
247980
248115
248219
248241
248601
248621
248637
248726
248815
248820
248833
248976
249082
249289
249485
249498
249528
249541
249800
249834
249844
249848
249971
250004
250032
250067
250209
250282
250432
250470
250566
250576
250683
250784
250978
251183
251272
251290
251314
251378
251393
251416
251447
251536
251556
251607
251651
251735
251793
251909
251977
252064
252140
252199
252201
252218
252225
252362
252387
252423
252455
252516
252520
252567
252581
252702
252733
252811
252861
252895
252913
252971
252977
253016
253021
253026
253190
253312
253396
253422
253561
253601
253701
253794
253994
254071
254109
254341
254437
254527
254586
254849
254879
254881
254903
254944
254945
255007
255028
255069
255169
255176
255178
255208
255217
255356
255434
255571
256163
256291
256318
256414
256531
256616
256743
256749
256810
257447
257461
257478
257501
257557
257785
257950
258319
258360
258459
258582
258586
258589
258806
258820
258924
258925
259041
259404
259709
259760
259792
259874
259953
260039
260099
260123
260235
260295
260322
260467
260633
260650
261086
261279
261286
261371
261469
261547
261585
261600
261665
261691
262099
262100
262236
262415
262566
262631
262661
262785
263018
263074
263172
263226
263366
263427
263504
263682
263780
263951
263971
264122
264164
264177
264212
264521
264554
264582
264703
264731
264789
264830
264955
264998
265270
265734
265747
265774
265825
265914
265932
266024
266119
266683
266733
266774
266787
266805
266841
266851
266901
267014
267184
267257
267328
267470
267528
267555
267588
267669
267759
267773
267823
267848
267857
267869
267970
268018
268232
268576
268661
268663
268674
268693
268754
268813
269010
269414
269445
269713
269734
269771
269852
269952
269972
270142
270318
270492
270521
270523
270659
270693
270730
270736
270952
271098
271144
271457
271790
271809
271903
272082
272139
272230
272426
272675
272697
272843
273012
273112
273296
273456
273580
273660
273714
274105
274189
274193
274476
274545
274615
274736
274771
274899
274949
274981
275209
275216
275315
275359
275553
275951
276193
276208
276231
276233
276269
276373
276415
276455
276485
276604
276660
276680
276707
276853
276923
276991
277225
277227
277346
277365
277440
277544
277656
277685
277711
277785
277830
277952
278028
278060
278175
278234
278349
278587
278626
278704
278798
278882
278969
278989
279460
279972
280020
280022
280044
280080
280125
280378
280422
280550
280560
280594
280622
280639
280650
280730
280857
281012
281067
281092
281143
281187
281262
281277
281351
281670
281691
281725
282015
282026
282047
282116
282160
282206
282328
282335
282496
282501
282563
282667
282697
282771
282808
282815
282825
282884
282898
283078
283104
283201
283214
283274
283281
283807
284014
284216
284233
284248
284438
284535
284565
284865
284954
285013
285038
285184
285427
285704
285811
285927
285938
285965
286396
286462
286570
286646
286957
287011
287272
287373
287464
287672
287811
287813
287969
288166
288211
288393
288405
288415
288431
288617
288620
288648
288776
288779
288840
288845
288979
289137
289208
289268
289340
289355
289419
289477
289515
289662
289686
289868
289929
289969
290029
290420
290439
290442
290506
290742
290869
290883
291073
291081
291109
291115
291153
291195
291496
291557
291632
291647
291816
292028
292039
292290
292312
292315
292337
292339
292347
292376
292453
292537
292742
292807
293030
293084
293111
293180
293183
293299
293526
293579
293659
293686
293771
293826
294032
294059
294124
294188
294304
294349
294418
294453
294505
294806
294816
294827
294840
294903
294958
294971
294987
295288
295447
295712
295775
295891
296166
296181
296382
296437
296536
296728
296738
296756
296842
297052
297298
297325
297474
297561
297572
297593
297660
297718
297724
297750
297821
297838
297861
297878
298014
298018
298251
298355
298379
298395
298454
298545
298636
298736
299032
299364
299847
299937
300042
300206
300225
300321
300423
300445
300480
300483
300732
300805
300857
300897
300910
301087
301101
301179
301220
301338
301373
301400
301405
301596
301665
301679
301793
301796
302077
302088
302164
302389
302425
302432
302659
302660
303021
303198
303323
303351
303397
303533
303585
303622
303845
303848
303944
304196
304225
304226
304378
304427
304458
304525
304612
304613
304716
304816
305048
305062
305176
305198
305268
305320
305325
305399
305434
305679
305705
305815
305874
305879
305936
306111
306133
306229
306257
306297
306317
306356
306366
306558
306573
306604
306647
306651
306834
307071
307088
307098
307131
307223
307474
307590
307595
307672
307712
307727
307825
307837
307921
308300
308312
308470
308477
308490
308795
309120
309133
309154
309281
309309
309343
309473
309521
309691
309714
309722
309856
309858
310028
310062
310119
310296
310328
310369
310487
310568
310580
310666
310671
310691
310723
310808
311311
311503
311508
312026
312068
312308
312314
312390
312552
312641
312825
312843
312860
313005
313175
313177
313191
313230
313232
313333
313388
313743
313860
313971
313974
314121
314451
314465
314523
314602
314785
314884
315044
315063
315102
315203
315287
315361
315532
315602
315726
316012
316034
316251
316308
316441
316482
316504
316558
316796
317008
317124
317127
317302
317332
317370
317389
317437
317530
317635
317698
317793
318266
318372
318397
318493
318720
318884
318899
319158
319166
319192
319385
319395
319621
319780
319792
320041
320234
320252
320278
320303
320351
320379
320401
320445
320484
320493
320627
320677
320818
320921
320924
321045
321072
321135
321147
321369
321672
321901
321945
322155
322215
322275
322289
322305
322355
322462
322599
322699
322716
322846
322947
323009
323258
323340
323489
323492
323542
323569
323585
323666
323715
323739
323924
323994
324209
324243
324517
324644
324691
324781
324901
324969
324987
325121
325324
325409
325511
325520
325551
325644
326446
326818
326993
327110
327117
327448
327459
327488
327505
327704
327764
327832
328128
328236
328279
328320
328364
328531
328558
328592
328621
328817
329076
329143
329323
329366
329393
329436
329550
329560
329653
329795
330175
330236
330258
330286
330398
330400
330593
330596
331016
331185
331274
331322
331328
331387
331418
331452
331486
331696
331780
331792
332031
332066
332094
332153
332171
332424
332677
332701
332750
332861
333155
333269
333288
333430
333518
333627
333637
334008
334118
334119
334505
334583
334693
334762
334860
334968
334990
334995
335058
335063
335231
335395
335473
335484
335523
335563
335667
335793
335820
335849
335872
335913
335971
336019
336107
336347
336365
336451
336505
336596
336625
336633
336686
336897
336907
337161
337270
337548
337640
337889
338271
338304
338320
338422
338471
338486
338519
338889
338928
338976
339127
339144
339169
339177
339182
339211
339214
339247
339293
339373
339376
339426
340031
340198
340723
340764
340801
340889
341013
341069
341162
341212
341262
341367
341423
341520
341526
341651
341689
341734
341891
341961
342090
342154
342174
342188
342245
342428
342462
342768
343001
343199
343241
343577
343655
343684
343691
344184
344200
344328
344682
344766
344880
344934
345078
345104
345186
345527
345696
345756
345774
345850
345867
345895
346049
346117
346243
346272
346312
346399
346412
346616
346648
346852
346866
346954
347099
347135
347159
347254
347333
347371
347455
347543
347641
347733
347940
347949
347985
348024
348083
348124
348266
348326
348349
348372
348393
348444
348626
348872
348906
349023
349268
349374
349425
349469
349479
349542
349571
349639
349727
349899
349982
350006
350092
350157
350192
350229
350273
350274
350408
350470
350604
350683
350827
350831
350864
350919
350979
351058
351134
351274
351303
351304
351441
351538
351616
351655
351674
351696
351699
351996
352157
352161
352267
352281
352382
352405
352523
352570
352726
352749
352760
352813
352842
352874
352877
352954
353161
353207
353249
353410
353429
353482
353576
353605
353883
353933
353972
354069
354079
354128
354130
354131
354158
354443
354455
354489
354504
354603
354613
354671
354692
354799
354855
354864
354901
354967
355131
355254
355380
355645
355651
355704
355708
355790
356075
356112
356114
356134
356209
356210
356232
356312
356380
356454
356658
356817
356849
356850
357037
357296
357306
357353
357390
357496
357537
357540
357626
357654
357795
357855
357875
358139
358438
358502
358644
358722
358765
358766
358866
358877
359032
359067
359202
359318
359341
359407
359447
359570
359676
359856
359865
359871
359898
360164
360167
360177
360208
360256
360288
360344
360380
360459
360673
360732
360796
360921
360946
361023
361059
361161
361279
361384
361391
361480
361501
361513
361627
361644
361762
361958
361963
362006
362030
362041
362242
362337
362629
362672
362742
362769
362789
362834
362932
363026
363040
363045
363126
363158
363207
363248
363410
363503
363821
364446
364517
364656
364812
364952
365052
365054
365458
365481
365639
365787
366158
366182
366399
366944
366948
367153
367329
367360
367363
367499
367584
367587
367801
367848
367891
368006
368265
368292
368604
368662
368778
368827
368846
368879
368911
368918
368930
368979
369013
369098
369147
369199
369299
369349
369497
369694
369817
370025
370268
370567
370605
370887
371188
371219
371369
371424
371461
371790
371834
372170
372465
372531
372838
372921
372928
372931
373180
373240
373320
373391
373495
373530
373797
373799
373879
373880
373932
374075
374180
374414
374530
374558
374774
374836
374933
374974
374989
375159
375200
375294
375488
375554
375632
375657
375689
375786
375826
375861
376115
376238
376261
376375
376406
376471
376710
376729
377053
377062
377212
377241
377446
377490
377701
377714
377725
377741
377833
377897
378007
378013
378114
378125
378211
378240
378414
378720
378758
378768
378863
378869
379044
379337
379357
379552
379686
379844
379857
379951
379978
380107
380208
380209
380218
380242
380258
380417
380472
380520
380551
380574
380648
380806
381175
381276
381307
381315
381317
381493
381496
381571
381584
381679
381882
381891
382113
382185
382245
382398
382621
382694
382704
382793
383029
383423
383496
383499
383694
383960
384040
384177
384187
384190
384526
384578
384602
384790
384807
385103
385514
385639
385641
385978
386042
386043
386146
386152
386269
386586
386607
386643
386658
386664
386938
386968
387022
387081
387314
387667
387889
388085
388093
388117
388213
388250
388314
388343
388388
388426
388586
388625
388627
388754
388869
389100
389339
389425
389749
389758
389788
389834
389968
389988
390159
390186
390282
390332
390388
390391
390408
390427
390450
390462
390587
390604
390678
390743
390806
390816
390841
390853
391128
391270
391392
391446
391711
391796
391800
391844
391936
391973
392026
392152
392220
392264
392282
392304
392643
392677
392689
392806
392851
392855
393190
393225
393345
393427
393476
393839
393902
394166
394268
394324
394433
394521
394832
395158
395219
395286
395505
395535
395608
395653
395750
395823
395833
395839
396002
396013
396123
396217
396487
396733
396757
396991
397137
397162
397302
397484
397487
397752
397937
398034
398278
398316
398345
398375
398568
398598
398722
398971
399513
399847
399935
400056
400095
400124
400130
400322
400338
400344
400621
400668
400929
401246
401362
401713
401745
401810
401866
401910
401945
402101
402119
402131
402177
402269
402277
402406
402680
403051
403276
403391
403438
403617
403648
403795
403812
403896
404065
404095
404626
404756
404760
404877
404890
404934
405078
405249
405278
405525
405565
405688
405727
405744
405875
405978
406014
406165
406286
406333
406394
406999
407231
407308
407383
407424
407469
407495
407616
407651
407677
407720
407759
407792
407956
408002
408082
408106
408410
408432
408529
408699
408779
408933
409064
409405
409522
409677
409745
409799
409901
410081
410087
410303
410416
410522
410565
410619
410670
410695
410864
410881
410928
411164
411205
411517
411575
411695
411717
411772
411778
411780
411791
411908
411948
412115
412213
412380
412422
412444
412497
412601
412619
412669
412687
412772
412913
412937
413042
413185
413365
413399
413411
413440
413631
413649
413703
413724
413726
413735
413793
414030
414144
414304
414439
414764
414771
414780
414948
414950
415002
415117
415217
415236
415330
415376
415380
415463
415543
415593
415830
415898
415988
416157
416162
416348
416398
416406
416624
416938
416956
416985
417028
417054
417060
417128
417167
417315
417359
417422
417596
417863
417992
417999
418113
418352
418464
418736
418865
419066
419230
419310
419315
419551
419717
419808
419976
420041
420092
420150
420258
420301
420425
420500
420570
420623
420735
420750
420830
420939
421001
421019
421160
421168
421220
421286
421599
421608
421632
421836
421987
421991
422074
422179
422300
422411
422478
422691
422745
423057
423149
423257
423271
423346
423408
423410
423431
423444
423458
423563
423593
423784
423904
424016
424069
424123
424496
424624
424651
424807
424826
425019
425115
425118
425192
425234
425289
425506
425547
425568
426074
426112
426122
426138
426187
426300
426429
426559
426561
426803
426827
426881
426932
427044
427217
427344
427371
427374
427512
427555
427613
427711
427772
427832
427873
428067
428117
428261
428322
428333
428709
428904
429060
429177
429204
429210
429277
429397
429482
429526
429640
430066
430149
430172
430227
430273
430412
430464
430749
430893
430910
430921
430922
430940
431076
431084
431194
431238
431300
431333
431538
431718
431896
432096
432102
432197
432645
432850
432974
433073
433230
433316
433415
433435
433631
433833
433909
433918
433996
434261
434293
434411
434509
434576
434593
434650
434684
434751
434896
434914
434933
434943
434976
435075
435114
435153
435266
435373
435481
435489
435537
435582
435628
435685
435705
435747
435771
435844
435873
435900
435991
436006
436104
436271
436324
436336
436464
436793
436806
436976
436983
437029
437185
437391
437446
437478
437508
437589
438402
438429
438576
438589
438590
438604
438758
438873
438898
439036
439272
439423
439488
439543
439564
439626
439703
439767
439828
440144
440362
440388
440399
440409
440480
440501
440658
440687
440705
440975
441078
441164
441386
441671
441847
441869
442048
442517
442746
442813
442872
442947
442991
443101
443235
443463
443531
443735
443769
443777
443785
443899
443986
443987
444023
444092
444193
444237
444344
444414
444662
444721
444798
444841
444844
444899
444938
444947
445497
445549
445628
445701
445720
445807
445925
445938
445948
446343
446419
446673
446825
446928
446935
447035
447066
447254
447306
447470
447493
447506
447517
447523
447679
447775
448021
448291
448439
448616
448790
448900
448956
449030
449167
449205
449250
449481
449619
449720
449985
450201
450226
450274
450311
450388
450402
450474
450528
450556
450639
450819
450938
451136
451217
451342
451398
451428
451464
451616
451816
451874
451878
452091
452251
452328
452342
452698
452811
452815
452857
452906
452926
453003
453026
453569
453738
453751
453811
453843
453847
453982
454125
454160
454244
454372
454510
454600
454603
454629
454711
454721
454838
455127
455152
455271
455491
455564
455588
455605
456009
456207
456334
456441
456549
456578
456641
456750
456816
456857
456995
457199
457324
457782
458226
458236
458271
458359
458726
458761
458981
459234
459259
459265
459269
459327
459482
459540
459550
459789
459852
459955
460036
460128
460153
460282
460450
460456
460494
460561
460694
460731
460802
461008
461043
461258
461514
461579
461611
461757
461833
461862
462362
462623
462661
462788
463092
463196
463261
463320
463606
463622
463734
463854
463972
464374
464486
464756
464849
465001
465040
465130
465286
465697
465704
465708
465745
465770
465773
465841
465919
465950
466043
466124
466226
466291
466408
466514
466612
466725
467189
467234
467375
467560
467844
467943
468047
468072
468293
468304
468370
468519
468750
468869
468933
469008
469025
469259
469351
469608
469806
469870
469922
470081
470318
470678
470929
471027
471067
471445
471498
471509
471542
471671
471931
471933
472235
472285
472523
472589
472666
472766
472821
472948
473002
473063
473266
473294
473306
473329
473364
473397
473398
473490
473649
473661
473750
473787
473819
473869
473918
473980
474095
474188
474249
474484
474563
474564
474645
474698
474885
475197
475268
475287
475347
475559
476132
476195
476319
476352
476738
476746
476749
476776
476917
477277
477446
477663
477940
477965
478013
478026
478313
478364
478365
478499
478506
478512
478574
478682
479129
479160
479246
479332
479334
479656
479774
480124
480188
480292
480409
480714
480728
480852
480919
480931
481127
481177
481232
481275
481562
481602
481651
481829
481846
481885
481904
482160
482178
482272
482326
482549
482569
482660
482789
482942
483108
483168
483351
483504
483585
483665
483681
483695
483792
483822
483920
483978
484161
484524
484822
484947
484952
485030
485082
485209
485214
485233
485475
485491
485742
485743
485749
485838
485868
485953
486003
486056
486061
486199
486353
486399
486483
486547
486569
486637
486757
486905
486986
487233
487257
487290
487482
487534
487570
487582
487600
487734
487740
487858
487900
488055
488105
488189
488266
488282
488446
488508
488727
488865
488973
489002
489047
489048
489109
489194
489231
489375
489420
489432
489442
489664
489888
489900
489989
490121
490245
490260
490371
490414
490459
490476
490495
490512
490526
490778
490992
491161
491403
491424
491823
492267
492386
492493
492541
492814
492950
493037
493255
493314
493336
493394
493455
493481
493774
493835
493953
493978
494135
494278
494292
494413
494580
494626
494671
494883
495123
495260
495456
495709
495778
495796
495886
495900
496071
496117
496173
496295
496304
496994
497101
497243
497345
497804
497849
498007
498035
498144
498215
498285
498409
498438
498491
498493
498607
498685
498806
498816
498934
498957
499050
499070
499123
499360
499401
499498
499714
499815
500123
500200
500249
500389
501014
501165
501212
501360
501482
501523
501550
501559
501621
501922
502066
502081
502130
502412
502625
502821
503043
503083
503293
503390
503440
503476
503514
503654
503660
503921
503984
504003
504077
504186
504212
504273
504370
504764
504906
504959
505000
505112
505230
505272
505393
505405
505745
505881
506046
506103
506191
506365
506378
506391
506469
506570
506681
506735
506775
506885
506930
506975
506989
507456
507477
507529
507540
507627
507655
507707
507810
507890
507912
507915
508146
508435
508454
508503
508569
508613
508633
508666
508836
508858
509128
509169
509353
509363
509510
509614
509643
509810
509914
510011
510123
510190
510451
510590
510889
510936
510938
510977
510992
511053
511206
511263
511294
511518
511609
511614
511617
511800
511875
511937
511962
512007
512045
512069
512075
512084
512259
512324
512410
512528
512748
512784
512800
512831
513080
513205
513287
513501
513541
513600
513733
513909
513923
514144
514375
514538
514663
514724
514980
515079
515368
515457
515482
515560
515573
515823
515849
516013
516362
516722
516806
516822
516826
516835
516911
516946
516950
516955
517084
517097
517166
517224
517256
517297
517314
517362
517401
517487
517500
517619
517622
517630
517785
517984
518271
518682
518845
518965
519004
519032
519119
519235
519347
519535
519613
519785
519821
519906
520127
520642
520720
520944
521007
521046
521237
521282
521420
521479
521500
521521
521547
521563
521750
521772
521776
521870
521876
522125
522153
522161
522163
522183
522244
522266
522361
522428
522439
522443
522447
522551
522565
522568
522607
522660
522740
522777
522801
522806
522912
522921
522922
523018
523279
523366
523443
523642
523705
523721
523759
523857
523863
523878
524035
524164
524199
524348
524436
524464
524488
524678
524718
525044
525330
525470
525594
525873
526011
526050
526154
526394
526440
526455
526658
526780
526890
526911
526918
527221
527374
527388
527476
527572
527612
527735
527867
527916
528176
528232
528256
528357
528433
528565
528596
528613
528659
528811
528866
528919
528972
529032
529101
529173
529205
529317
529514
529568
529854
529909
530101
530276
530362
530442
530444
530555
530627
530747
530861
531059
531098
531188
531327
531411
531527
531778
532109
532132
532165
532177
532350
532373
532375
532416
532576
532623
533060
533311
533362
533365
533401
533498
533557
533604
533633
533755
533801
533833
533876
533893
533916
533927
533980
534074
534115
534157
534437
534460
534681
534757
534906
534959
535008
535123
535172
535183
535367
535480
535499
535525
535554
535647
535659
535685
535792
535816
535880
535980
535996
536077
536386
536402
536554
536883
536918
537081
537179
537201
537252
537265
537273
537365
537428
537564
537593
537703
537745
537786
538008
538213
538412
538930
539126
539193
539212
539347
539417
539474
539826
540141
540176
540234
540296
540321
540348
540414
540433
540474
540618
540673
540698
540948
541047
541159
541300
541442
541544
541866
541888
542082
542115
542246
542370
542398
542487
542521
542541
542607
542628
542960
543086
543122
543235
543399
543509
543569
543588
543623
543718
543845
544130
544253
544442
544451
544533
544602
544692
544832
544898
545293
545421
545449
545466
545732
545740
545755
545838
545898
546137
546150
546226
546388
546606
546645
546816
547017
547093
547230
547266
547382
547398
547404
547458
547464
547558
547650
547738
547842
548046
548143
548190
548206
548256
548379
548397
548487
548494
548601
548704
548765
548859
548941
549132
549171
549264
549306
549459
549527
549544
550016
550226
550327
550336
550343
550376
550557
550741
550770
550914
551114
551205
551360
551410
551459
551477
551505
551528
551618
551868
551914
551972
552041
552091
552215
552222
552234
552369
552466
552470
552535
552591
552702
552812
552963
553063
553136
553171
553241
553418
553504
553505
553508
554010
554062
554106
554307
554371
554399
554462
554558
554666
554958
555054
555182
555286
555339
555611
555672
555752
556018
556226
556382
556460
556505
556533
556535
556562
556807
556813
556884
556913
557041
557091
557160
557251
557329
557440
557580
557608
557655
557711
557774
557787
557845
558012
558049
558134
558267
558269
558370
558436
558498
558751
558913
559064
559092
559104
559147
559344
559421
559491
559767
559778
559834
560131
560174
560226
560238
560274
560338
560571
560592
560640
560659
560745
560808
560838
560923
560954
561215
561261
561348
561467
561575
561607
561790
561802
561807
561860
561963
562148
562164
562169
562364
562389
562585
562688
562714
562734
562849
562902
563019
563039
563108
563146
563226
563521
563525
563826
563972
564045
564069
564155
564325
564483
564538
564628
564886
565111
565115
565194
565330
565473
565948
566040
566414
566740
566787
566926
566976
567121
567248
567273
567643
567708
567751
567872
567882
567960
568122
568223
568229
568410
568572
568714
568745
568834
568944
569014
569051
569331
569355
569510
569619
569691
569692
569878
569925
570067
570241
570433
570816
570824
570826
570853
570888
571075
571347
571431
571472
571587
571606
571955
572156
572158
572278
572456
572706
572719
572914
572942
573004
573089
573146
573240
573254
573278
573410
573493
573583
573676
573708
573767
573831
573842
573872
573881
573892
573965
574185
574233
574363
574405
574610
574788
574967
575225
575325
575370
575439
575485
575591
575612
575662
575701
575748
576002
576003
576016
576267
576295
576311
576437
576446
576618
576679
576681
576693
576729
576750
576764
576853
576965
577044
577279
577347
577585
577646
577831
577880
578352
578443
578503
578730
578773
579012
579112
579156
579237
579249
579334
579351
579410
579427
579436
579535
579701
579858
579925
580108
580293
580329
580469
580555
580872
580901
580980
581063
581165
581266
581283
581357
581419
581446
581610
581622
581658
581732
581838
581987
582167
582258
582272
582453
582550
582595
582696
582702
582736
583035
583132
583457
583610
583672
583884
583987
584002
584181
584283
584306
584317
584407
584732
584810
584838
584877
584905
584981
584984
585032
585037
585073
585157
585189
585420
585555
586044
586076
586206
586215
586222
586268
586328
586423
586582
586589
586605
586609
586643
586860
587089
587141
587168
587304
587374
587413
587640
587672
587744
587796
587838
587883
587991
588127
588130
588188
588404
588520
588795
588931
589214
589225
589229
589340
589361
589474
589597
589753
589951
590006
590025
590097
590226
590239
590275
590432
590501
590604
590615
590821
590856
590925
590937
591244
591484
591555
591568
591634
591783
592075
592145
592156
592316
592612
592661
592764
592777
592795
593038
593050
593065
593143
593182
593310
593529
593703
593870
593982
594243
594274
594374
594415
594453
594469
594749
594758
594904
594936
594992
595040
595058
595106
595156
595292
595293
595469
595680
596037
596284
596285
596395
596423
596447
596568
596783
596797
596838
597085
597224
597520
597614
597721
597769
597822
598026
598280
598283
598324
598406
598598
598642
598650
598713
598726
598783
598807
598994
599069
599091
599143
599273
599308
599480
599526
599709
599722
599953
600085
600099
600484
600735
600773
600921
600948
601019
601208
601266
601453
601490
601499
601535
601650
601678
601687
601881
601903
601952
602102
602140
602147
602177
602203
602264
602283
602466
602497
602541
602675
602837
603310
603380
603877
603887
603948
604054
604078
604081
604110
604177
604328
604358
604395
604523
604553
604621
604710
604836
604872
605023
605039
605105
605132
605158
605239
605269
605350
605358
605368
605509
605678
605825
606067
606134
606152
606223
606328
606370
606430
606759
606859
606894
607130
607174
607177
607215
607229
607271
607435
607511
607514
607535
607604
607866
607907
608515
608677
608702
608723
608777
609168
609288
609443
609592
609706
609777
609794
609945
610026
610460
610507
610605
610660
610726
611029
611111
611328
611580
611630
611706
611748
611763
611814
611894
611898
612110
612170
612343
612414
612725
612792
612979
613168
613175
613236
613405
613687
613709
613712
613821
613870
613982
614117
614181
614186
614367
614469
614474
614508
614527
614697
614714
614754
614817
614958
615129
615238
615356
615395
615415
615425
615549
615707
615837
616022
616072
616089
616226
616235
616249
616414
616448
616673
616807
616856
616894
616925
616985
617138
617247
617346
617372
617394
617470
617601
617610
617658
617786
617822
617854
617931
618043
618137
618175
618271
618295
618607
618722
618760
618840
618881
618904
619008
619020
619058
619123
619265
619495
619539
619593
619625
619659
619673
619705
619837
619883
619988
620297
620342
620351
620613
620806
620812
620828
620830
621054
621075
621151
621172
621174
621350
621568
621658
621676
621775
621909
622161
622339
622362
622391
622433
622470
622482
622515
622609
622898
623079
623099
623111
623201
623279
623328
623567
623645
623695
623696
623754
623876
623929
623972
624046
624380
624490
624845
624887
624931
624996
625030
625144
625180
625348
625418
625481
625512
625681
625684
625735
625761
625888
625915
626011
626077
626204
626241
626378
626432
626464
626563
626850
626913
626950
626964
627061
627079
627226
627258
627352
627668
627982
628002
628042
628198
628414
628469
628475
628539
628682
629153
629189
629242
629363
629426
629686
629721
629820
629826
629849
630116
630165
630283
630312
630316
630341
630417
630532
630551
630662
630830
631006
631020
631289
631332
631626
631761
631814
631864
631903
631945
631995
632106
632281
632338
632379
632465
632551
632567
632583
633322
633544
633693
633798
633814
633822
633995
634041
634061
634239
634282
634356
634384
634467
634677
634836
634861
634902
635061
635156
635388
635428
635456
635571
635831
635901
636047
636167
636341
636346
636477
636492
636536
636603
636675
636684
636755
636936
636966
637253
637305
637337
637349
637488
637581
637638
637698
637766
637900
638015
638112
638261
638369
638435
638548
638608
638772
638953
639053
639106
639225
639234
639312
639343
639441
639600
639817
639833
639951
640176
640231
640281
640528
640794
640860
641019
641075
641258
641303
641311
641341
641344
641394
641459
641701
641811
641838
641849
641895
642120
642185
642325
642535
642558
642654
642656
642688
643010
643040
643105
643325
643543
643669
643674
643757
643760
643888
643970
644013
644023
644124
644160
644161
644214
644332
644340
644406
644551
644805
644840
645217
645729
646006
646030
646177
646341
646597
646744
646780
646826
646843
647006
647072
647181
647324
647357
647374
647403
647452
647475
647561
647562
647673
647678
647784
647890
647986
648106
648183
648226
648285
648315
648513
648559
648563
648783
648808
648819
648976
648980
649037
649059
649154
649169
649226
649337
649366
649690
649785
649950
650032
650258
650262
650575
650616
650736
650846
651013
651144
651221
651258
651334
651528
651716
651917
652042
652212
652274
652318
652373
652388
652422
652486
652550
652585
652590
652601
652612
652888
652920
652957
653103
653290
653308
653345
653373
653958
654104
654328
654580
654688
655030
655245
655342
655345
655397
655431
655477
655547
655553
655561
655571
655855
655880
656266
656351
656624
656728
656736
656793
656864
656908
657229
657436
657511
657645
657698
657920
658055
658125
658167
658175
658676
658785
658875
658926
659058
659141
659213
659281
659319
659503
659559
659816
659901
659936
660054
660389
660436
660693
660694
660761
660843
660884
660904
660960
661276
661349
661411
661417
661430
661503
661560
661570
661573
661857
661871
661927
661932
662032
662055
662276
662347
662441
662470
662639
662734
662747
662828
662852
662897
663165
663180
663277
663300
663305
663328
663382
663536
663546
663638
663847
663851
663909
663910
663942
664130
664210
664327
664419
664502
664562
664750
664776
664880
664936
665014
665175
665209
665210
665244
665247
665308
665357
665410
665525
665632
665683
665818
665823
665867
666061
666290
666503
666570
666578
666606
666649
666672
666717
666784
666888
666960
666961
667168
667185
667338
667339
667349
667686
667771
668297
668304
668706
668721
668787
668863
668945
668994
669011
669084
669098
669122
669197
669303
669529
669538
669567
669620
669658
669714
669887
669914
670014
670395
670416
670527
670548
670657
670760
670888
671178
671295
671435
671463
671487
671533
671541
671548
671553
671595
671804
671829
671881
671955
671987
672197
672371
672377
672390
672486
672580
672637
672703
672736
672756
672766
672980
673070
673223
673377
673524
673619
673632
673710
673764
674137
674168
674184
674242
674243
674449
674468
674716
674745
674914
674949
675039
675116
675275
675378
675463
675549
675573
675690
675714
675875
675883
675972
676176
676211
676244
676564
676630
676738
676753
676799
676841
676885
676922
676944
677132
677164
677165
677331
677345
677507
677524
677590
677635
677697
677705
677740
677868
677898
677965
678041
678243
678312
678313
678512
678525
678692
678810
678826
678862
679101
679171
679267
679318
679433
679561
679710
679866
679925
679928
680255
680272
680296
680614
680724
680775
680912
680988
681115
681211
681463
681694
681846
681859
681977
682068
682074
682143
682210
682416
682787
682861
682913
683287
683409
683600
683618
683852
684043
684045
684181
684338
684383
684403
684469
684552
684925
685155
685233
685289
685301
685453
685598
685625
685629
685666
685677
685678
685791
685803
685822
685920
685974
686004
686031
686157
686174
686289
686310
686474
686551
686560
686641
686668
686843
687152
687317
687349
687354
687751
687788
687848
687941
688048
688180
688420
688491
688580
688639
688655
688939
689291
689316
689379
689436
689504
689697
689775
689802
689898
689976
689997
690012
690053
690080
690228
690234
690285
690309
690368
690454
690551
690819
690885
691016
691022
691310
691342
691695
691710
691812
691927
692207
692241
692515
692526
692769
693082
693252
693265
693316
693425
693444
693461
693561
693625
693681
693692
693706
693726
693795
693811
693856
693951
693975
694013
694432
694666
694673
694678
694752
694764
694850
695312
695467
695494
695525
695548
695553
695704
695708
695943
696160
696283
696363
696381
696659
696677
696701
696703
696712
696796
696921
696946
697243
697468
697472
697589
697666
697840
697957
697972
698023
698069
698174
698187
698338
698553
698711
698868
698933
699004
699104
699141
699183
699189
699208
699359
699457
699461
699462
699582
699716
699825
699880
700109
700158
700193
700239
700293
700386
700650
700715
700833
701029
701076
701226
701227
701252
701859
702135
702200
702239
702613
702633
702734
702748
702928
703072
703093
703115
703606
703674
703777
703841
703847
703966
704025
704048
704086
704471
704497
704625
704640
704775
704786
704932
704934
705046
705103
705188
705313
705340
705411
705441
705445
705544
705632
705707
705756
705785
705876
705994
706197
706335
706338
706506
706507
706523
706557
706610
706632
706690
706693
706697
706725
706726
706888
706901
706944
707089
707140
707155
707271
707308
707379
707564
707570
707573
707577
708084
708135
708202
708241
708355
708413
708478
708538
708740
708755
708790
709091
709157
709464
709471
709531
709555
709637
709796
709814
710096
710171
710205
710244
710288
710395
710548
710668
710701
710949
711140
711417
711433
711493
711779
711869
711905
712422
712488
712563
712703
712871
713301
713386
713452
713580
713684
713741
713776
713844
713941
713947
714009
714191
714197
714258
714335
714343
714390
714430
714455
714607
714694
714774
714920
715106
715107
715115
715199
715255
715390
715612
715723
715795
715810
715837
715851
715966
716108
716172
716243
716261
716303
716324
716369
716729
716735
716769
716795
716942
717106
717122
717142
717157
717189
717212
717222
717334
717348
717357
717369
717462
717466
717676
717817
717866
717941
717985
718070
718276
718297
718421
718444
718497
718534
718612
718756
718839
718896
719059
719087
719108
719231
719266
719305
719319
719387
719452
719514
719621
719673
719794
719807
719861
720067
720138
720259
720289
720495
720707
720859
720976
720985
721118
721156
721173
721269
721332
721334
721381
721601
721650
721745
721821
721854
721959
722024
722051
722190
722193
722371
722377
722423
722602
722604
723035
723115
723123
723647
723817
723919
724117
724187
724197
724217
724270
724281
724315
724343
724407
724469
724685
724691
724810
724856
724940
725026
725124
725149
725197
725247
725531
725611
725634
725662
725723
725760
725808
726010
726021
726099
726151
726192
726352
726361
726399
726566
727107
727200
727237
727374
727389
727391
727473
727520
727719
727988
728039
728086
728138
728288
728351
728392
728401
728667
728704
728766
728835
728885
728894
728913
728964
729202
729520
729740
729969
730267
730385
730618
730619
731045
731082
731088
731136
731167
731282
731422
731533
731616
731688
731791
731865
731983
731987
732039
732045
732055
732121
732195
732262
732402
732616
732681
732755
732809
732859
732995
733006
733064
733127
733182
733262
733498
733530
733703
733736
733848
733974
734019
734106
734293
734304
734323
734356
734479
735021
735068
735166
735219
735279
735308
735364
735431
735489
735652
735779
735785
735897
735996
736136
736137
736227
736230
736359
736418
736439
736615
736645
736653
736700
736895
736915
736963
736981
737042
737050
737099
737130
737137
737521
737588
737605
737872
737880
738082
738397
738517
738583
738584
738622
738625
738783
738874
738939
739155
739194
739441
739495
739566
739718
739891
740120
740259
740306
740331
740387
740417
740800
740823
740848
740933
740989
741182
741400
741506
741557
741586
741608
741805
741808
741912
741963
742365
742407
742447
742610
742702
742811
742962
743014
743103
743118
743170
743171
743182
743198
743440
743461
743495
743573
743653
743685
743728
743778
743835
743839
743910
744022
744362
744502
744643
744659
744669
744822
744825
745062
745202
745445
745462
745645
745780
745855
745865
745942
745980
746102
746158
746411
746420
746595
746615
746752
746839
746840
746868
746883
747079
747243
747362
747378
747437
747446
747523
747594
747767
747789
747791
747833
747836
748279
748352
748376
748475
748530
748537
748604
748612
748645
748753
749000
749005
749043
749055
749061
749180
749188
749513
749523
749764
749846
750000
750048
750169
750205
750239
750521
750539
750770
750788
750831
750906
751030
751451
751453
751590
751653
751824
751896
752034
752105
752224
752695
752704
752752
752857
752977
753013
753330
753513
753549
753689
753783
754016
754023
754069
754158
754339
754353
754437
754521
754721
754724
754759
754766
754821
754995
755038
755058
755066
755076
755163
755266
755431
755531
755666
755680
755835
755892
755921
755954
756000
756027
756144
756219
756511
756668
757125
757267
757343
757642
757683
757755
757765
757780
757850
758243
758263
758270
758301
758348
758510
758649
758724
758771
758774
758794
758842
758847
758965
759058
759165
759321
759439
759455
759639
759646
759703
759754
759829
760058
760145
760148
760182
760222
760309
760415
760703
760798
760803
760804
760955
761212
761235
761355
761377
761381
761449
761527
761537
761700
761753
762061
762199
762282
762300
762448
762877
763028
763156
763400
763519
763526
763595
763864
763876
763883
763925
763992
764014
764109
764168
764298
764347
764590
764814
764835
764914
765148
765162
765408
765503
765752
765920
765982
766239
766390
766428
766523
766563
766591
766640
766703
766750
766885
766901
766953
767005
767081
767130
767195
767405
767517
767524
767546
767551
767968
768026
768161
768296
768297
768345
768542
768915
768954
768971
769077
769490
769631
769636
769782
769795
769859
769893
769923
769988
770040
770045
770067
770324
770525
770753
770754
770844
771181
771353
771746
771884
771924
772028
772195
772438
772505
772527
772990
772992
773021
773344
773364
773526
773591
773697
774076
774078
774082
774143
774430
774501
774543
774564
774596
774788
774876
774914
774933
774975
775084
775190
775296
775356
775397
775731
775765
775919
776046
776077
776359
776457
776489
776524
776596
776689
777255
777467
777721
777766
777815
777869
777902
777954
778161
778168
778181
778224
778278
778483
778515
778520
778614
778740
778905
778909
779077
779213
779399
779434
779483
779529
779853
779984
779988
780103
780152
780154
780167
780231
780458
780537
780759
780855
780877
780932
780968
780971
781072
781114
781412
781543
781550
781564
781874
782197
782203
782342
782453
782505
782507
782541
782571
782702
782745
782758
782803
783136
783152
783156
783233
783238
783320
783364
783414
783441
783576
783811
783864
783957
784035
784236
784422
784503
784522
784565
784620
784708
784725
784936
785111
785139
785218
785254
785290
785549
785615
785616
786246
786249
786311
786654
786787
786864
787066
787425
787456
787545
787586
787654
787976
787989
787993
788010
788059
788243
788437
788442
788443
788643
788712
788769
788828
788887
789046
789084
789429
789446
789694
789936
789966
790013
790273
790804
790916
790931
790978
790980
790985
791284
791340
791431
791432
791641
792114
792214
792220
792232
792348
792384
792448
792487
792496
792518
792679
792722
792856
792898
792906
792957
793007
793106
793127
793393
793458
793520
793540
793980
794015
794032
794088
794102
794117
794232
794455
794743
794828
794898
794977
795172
795202
795296
795361
795365
795425
795604
795688
795768
795863
796006
796138
796179
796310
796332
796347
796633
796755
796822
796998
797189
797254
797289
797330
797559
797659
797705
797740
797742
797836
797952
797956
798543
798659
798801
798958
799064
799246
799248
799304
799587
799590
799702
799749
799785
799948
800054
800379
800513
800643
801021
801035
801264
801367
801528
801567
801821
801982
802015
802069
802082
802151
802223
802331
802664
802740
802848
802939
802949
803061
803092
803130
803152
803171
803357
803375
803406
803556
803629
803743
803804
803946
804400
804604
804748
804763
804803
804926
804988
805009
805075
805127
805194
805325
805337
805352
805358
805413
805478
805616
805826
805889
806210
806245
806249
806266
806337
806413
806431
806620
806691
806760
806832
806844
807089
807105
807322
807412
807703
807814
807871
807874
807984
807998
808015
808018
808039
808120
808156
808256
808404
808436
808642
808662
808716
808732
808826
808879
808918
808976
808982
809117
809503
809519
809673
809717
809847
809887
810076
810159
810199
810371
810399
810503
810541
810600
810673
810686
810727
810757
810781
810929
811244
811286
811550
811562
811579
811695
811696
811825
811826
811915
811992
811999
812080
812359
812490
812673
812693
812940
813000
813081
813135
813136
813145
813185
813186
813251
813304
813466
813506
813647
813777
813931
814184
814195
814196
814477
814508
814601
814699
814798
815139
815185
815358
815372
815477
815558
815628
815642
815747
815901
815908
816013
816027
816238
816262
816345
816411
816586
816603
816674
816732
816788
817051
817145
817158
817185
817274
817297
817453
817595
817785
818044
818077
818087
818091
818335
818421
818430
818612
818638
818663
818693
818717
819085
819167
819217
819246
819290
819360
819394
819644
819701
819728
819731
819800
819975
819983
820165
820213
820238
820347
820367
820732
820952
821043
821197
821426
821712
821739
821818
821840
821841
821916
822014
822059
822083
822100
822110
822338
822376
822393
822469
823022
823091
823107
823300
823556
823717
823762
823901
824022
824169
824192
824211
824227
824236
824504
824545
824604
824718
824776
824792
824874
824887
825108
825246
825495
825660
825786
825834
825877
826215
826256
826446
826564
826585
826860
827098
827417
827469
827598
827644
827707
827724
827735
827780
827784
827882
827993
828002
828008
828140
828273
828274
828280
828640
828642
828724
828762
828814
828974
828975
828990
829170
829258
829276
829319
829427
829585
829712
829761
829879
830094
830338
830415
830435
830460
830555
830582
830678
830755
830756
830777
830830
830968
830974
831004
831193
831499
831533
831565
831682
831760
831763
832289
832291
832363
832464
832591
832680
832694
832811
832847
833022
833091
833148
833185
833241
833548
833722
833792
833815
833903
834096
834198
834232
834300
834483
834562
834582
834603
834649
834689
834690
834772
834877
834914
834974
835031
835121
835132
835194
835299
835449
835658
835744
836037
836098
836169
836208
836376
836450
836487
836537
836715
836991
837014
837098
837223
837239
837243
837254
837262
837311
837423
837652
837719
837731
837847
838050
838277
838358
838620
838656
838813
838876
838894
838923
839015
839194
839242
839367
839372
839397
839465
839488
839544
839615
839653
839658
839765
839795
839871
839915
840175
840195
840220
840231
840258
840264
840318
840385
840813
840964
841002
841111
841159
841314
841340
841776
841897
842042
842100
842146
842192
842537
842590
842716
842850
842957
843027
843138
843153
843169
843201
843262
843292
843344
843347
843400
843403
843423
843464
843473
843602
843764
843821
843964
843972
844290
844413
844484
844547
844791
844818
845119
845161
845213
845232
845329
845415
845592
845718
845733
845916
846184
846582
847044
847141
847167
847190
847196
847229
847236
847281
847397
847404
847446
847627
847733
847870
848021
848126
848315
848377
848417
848419
848470
848615
848727
848878
848979
849284
849388
849424
849445
849519
849709
849750
849850
849872
849939
849948
849971
850008
850079
850117
850210
850244
850413
850700
850816
850849
850883
850937
850982
851036
851224
851283
851428
851499
851593
851708
851782
851829
851951
852129
852208
852290
852317
852365
852375
852397
852471
852559
852729
852893
852956
853002
853007
853388
853393
853418
853656
853660
853781
853947
854079
854184
854301
854373
854503
854677
854760
854771
854848
854858
854871
854992
854999
855015
855066
855283
855285
855471
855490
855589
855618
855766
855901
856107
856124
856309
856311
856344
856483
856514
856572
856632
856687
856762
856869
856935
857073
857140
857284
857353
857392
857413
857449
857708
857742
857762
857816
857839
858065
858100
858144
858205
858310
858443
858505
858570
858648
858698
858730
858944
859007
859140
859194
859235
859288
859370
859448
859482
859642
859665
859751
859844
859937
859944
859954
860211
860216
860231
860278
860769
860813
860831
860980
860998
861038
861169
861338
861538
861551
861876
861936
861973
861999
862173
862192
862249
862317
862331
862528
862596
862600
862658
862738
862789
862831
863378
863384
863573
863763
863765
863797
864225
864260
864376
864382
864436
864496
864664
864682
864783
864794
864820
864939
865034
865081
865100
865109
865257
865312
865385
865512
865746
865772
866009
866170
866178
866184
866187
866566
866698
866840
866952
867031
867089
867139
867404
867468
867497
867732
867840
867896
867979
867981
867996
868027
868066
868180
868319
868376
868421
868437
868541
868591
868744
868810
869012
869061
869162
869215
869223
869272
869290
869440
869578
869588
869692
869877
869880
869919
869928
870092
870191
870285
870391
870545
870591
871101
871122
871163
871169
871183
871242
871348
871606
871662
871823
871961
872011
872156
872415
872480
872540
872555
872811
872926
873040
873066
873070
873158
873263
873315
873590
873682
873758
873872
873983
874135
874241
874339
874571
874634
874816
874852
874875
875330
875420
875513
875584
875856
875876
875880
875925
876030
876056
876116
876292
876344
876351
876403
876680
876968
877014
877022
877076
877083
877171
877250
877291
877470
877602
877726
877845
877868
877915
877983
878293
878295
878362
878447
878615
878778
878975
879014
879107
879120
879164
879224
879422
879700
879801
879872
879901
880076
880109
880149
880153
880378
880416
880498
880523
880535
880591
880614
880669
880709
880826
881076
881085
881156
881183
881261
881336
881422
881425
881554
881561
881622
881640
881672
881825
881879
882023
882142
882248
882280
882398
882733
882955
882990
883224
883277
883293
883501
883569
883637
883726
883777
883843
883853
883856
884043
884114
884118
884146
884355
884363
884471
884572
884621
884948
884954
885040
885181
885279
885475
885717
885799
885863
885898
886156
886170
886263
886477
886583
886733
886845
886932
887143
887316
887403
887416
887542
887584
887911
888423
888593
888626
888683
888723
888916
889132
889137
889145
889253
889302
889355
889368
889414
889461
889526
889576
889661
889668
889705
889760
889793
889800
889884
890081
890334
890349
890610
890865
890893
890929
891041
891210
891512
891524
891546
891594
891637
891783
891807
891897
891986
892124
892253
892448
892664
892734
893068
893105
893191
893407
893508
893588
893700
893721
893725
893752
894002
894098
894176
894215
894226
894232
894286
894401
894565
894627
894774
894862
895210
895242
895400
895422
895524
895567
895623
895818
895834
895958
895983
896054
896088
896154
896290
896316
896393
896509
896591
896595
896717
896914
897010
897016
897123
897272
897376
897484
897641
897885
897998
898204
898486
898568
898617
898772
899133
899163
899267
899272
899417
899657
899831
899846
899853
899985
900087
900329
900338
900375
900592
900779
900866
901030
901051
901265
901282
901335
901341
901423
901525
901595
901606
901629
901850
901901
901910
902087
902203
902211
902233
902266
902271
902277
902324
902472
902519
902551
902634
902839
902864
902865
903156
903164
903212
903257
903394
903428
903604
903628
903632
903680
903786
903873
904037
904061
904141
904266
904391
904496
904628
904686
904889
904950
905034
905242
905399
905454
905764
905838
905849
905877
905895
905918
906059
906073
906328
906359
906518
906565
906732
906786
906813
906915
906946
906958
906963
906983
907276
907300
907303
907331
907731
907755
907759
907862
907968
908023
908100
908242
908418
908549
908566
908657
908907
908973
909045
909054
909172
909333
909390
909411
909711
910037
910452
910530
911019
911159
911178
911262
911305
911472
911556
911690
911717
912058
912071
912202
912204
912698
912705
912793
912880
912889
913258
913330
913404
913454
913479
913666
913672
913689
913731
914022
914104
914223
914377
914456
914514
914532
914544
914663
914783
914847
914955
915195
915220
915342
915436
915756
915802
915850
916035
916196
916209
916282
916453
916599
916697
916759
916874
917126
917507
917724
917877
918195
918245
918246
918267
918595
918618
918645
918824
918880
918889
919159
919212
919258
919460
919668
919701
919991
920038
920346
920743
920823
921250
921330
921409
921413
921571
921611
921713
921931
922118
922278
922621
922729
922745
922750
922815
922862
923105
923255
923388
923452
923481
923506
923773
923810
923824
923921
923970
924005
924024
924263
924321
924424
924505
924630
924798
924810
924855
925012
925026
925157
925241
925357
925380
925568
925580
925686
925748
925805
925819
925927
925971
926079
926091
926098
926188
926227
926275
926299
926520
926563
926657
926689
927084
927130
927213
927284
927302
927643
927714
927725
927758
927766
927769
927829
928094
928252
928319
928326
928362
928505
928616
928742
929293
929324
929462
929509
929705
929854
929877
929979
930128
930323
930489
930525
930603
930711
930781
930805
930910
931250
931336
931473
931494
931536
931663
931738
931808
931823
931851
931892
932065
932371
932513
932597
932836
932922
933010
933434
933618
933851
934007
934088
934148
934173
934192
934287
934380
934434
934544
934628
934649
934654
934732
934797
934830
934926
934968
935325
935339
935446
935515
935530
935678
935708
935839
935940
935947
935989
936042
936496
936542
936634
936813
936817
936996
937054
937081
937248
937281
937293
937302
937562
937568
937979
938104
938161
938186
938477
938622
938708
938775
938812
939123
939126
939267
939277
939315
939441
939453
939584
939701
939776
939795
940047
940235
940296
940372
940884
940916
940945
941085
941163
941465
941640
941655
941668
941799
942067
942096
942099
942207
942249
942270
942271
942276
942480
942542
942856
942883
943254
943478
943860
943888
943929
944112
944119
944162
944247
944312
944476
944488
944565
944644
944710
944796
944847
944941
944959
945072
945109
945167
945517
945564
945577
945578
945581
945594
945625
945634
945825
945917
945995
946003
946004
946094
946268
946280
946480
946531
946912
947043
947052
947178
947180
947287
947303
947451
947483
947523
947616
947772
947786
947822
948038
948139
948213
948276
948430
948680
948718
949021
949028
949146
949328
949530
949533
949546
949661
949933
950220
950271
950456
950556
950559
950704
950720
950823
950902
950917
951009
951575
951671
951713
951842
951901
951904
951916
952031
952140
952300
952382
952402
952495
952496
952628
952692
952693
952702
952711
952741
952844
952882
953061
953229
953267
953319
953333
953359
953442
953487
953537
953573
953579
953729
953995
954446
954457
954496
954497
954528
954746
954923
955067
955089
955130
955213
955221
955471
955475
955523
955534
955672
955710
955831
955856
955897
955907
956035
956262
956280
956306
956340
956502
956507
956629
956705
956709
957074
957108
957136
957163
957343
957375
957397
957590
957667
957677
957767
957827
957977
957979
958017
958029
958168
958285
958363
958531
958765
958831
958842
958918
958989
959007
959028
959111
959488
959556
959560
959612
959698
960002
960023
960102
960112
960201
960206
960320
960471
960627
960761
960864
960930
961029
961149
961213
961397
961401
961452
961503
961624
961721
961743
961791
961844
961898
961937
962285
962488
962493
962924
963204
963340
963480
963503
963619
963705
963789
964024
964042
964088
964216
964312
964320
964341
964343
964456
964513
964564
964645
964649
964686
964755
964865
964937
964972
965122
965260
965306
965348
965351
965498
965499
965564
965620
965707
965881
965985
966025
966116
966251
966372
966406
966467
966474
966484
966512
966521
966531
966565
966744
966977
967005
967083
967156
967241
967344
967415
967561
967622
967776
967829
967877
967884
968112
968256
968334
968518
968520
968708
968803
968835
968870
969053
969126
969313
969848
969885
969937
970024
970094
970230
970253
970261
970390
970494
970518
970570
970866
971233
971237
971271
971287
971677
971751
971788
972166
972431
972558
972578
972580
972657
972821
972843
973017
973151
973347
973437
973929
974036
974100
974117
974125
974162
974195
974200
974311
974319
974386
974547
974583
974598
974600
974713
974846
974896
975189
975406
975470
975530
975613
975619
975643
975649
975689
975743
975772
975809
975852
975971
976059
976130
976209
976512
976545
976642
976653
976721
976779
976885
976947
976984
977204
977304
977404
977577
977678
977940
978037
978051
978084
978308
978330
978349
978442
978451
978463
978493
978498
978608
978769
978863
979107
979163
979233
979278
979299
979324
979427
979503
979544
979724
979736
979997
980325
980429
980530
980581
980973
981190
981368
981457
981631
981715
981716
981863
981887
981987
981999
982092
982257
982459
982512
982538
982648
982727
982761
982865
982952
983076
983192
983331
983461
983777
983992
984033
984090
984136
984139
984188
984255
984258
984263
984338
984349
984599
984761
985064
985194
985238
985283
985285
985555
985653
986009
986138
986155
986252
986373
986443
986592
986631
986676
986792
986925
986926
986977
987078
987095
987198
987307
987398
987411
987414
987451
987632
987682
987886
988083
988144
988438
988504
988540
988595
988691
988752
988835
988928
988950
988957
989109
989372
989389
989677
989741
989832
989922
989951
989957
989974
990028
990223
990304
990465
990498
990520
990594
990912
991119
991253
991399
991430
991445
991467
991616
991633
991662
991918
992443
992448
992483
992589
992760
992891
993353
993360
993463
993538
993759
993794
993859
993901
993914
993936
994016
994215
994236
994574
994584
994615
994686
994936
995209
995390
995801
995909
995977
996012
996035
996094
996416
996422
996596
996646
996660
996947
997025
997143
997146
997305
997361
997526
997589
997644
997683
997725
997812
997899
997922
997960
998052
998186
998231
998385
998526
998608
998686
998754
998936
999048
999086
999113
999166
999375
999509
999564
999568
999843
