893
34588
38094
55866
58932
71393
73571
78311
84598
88120
96533
101470
105434
106157
124458
132546
140043
153571
167464
174347
184831
196527
199122
245379
258311
259984
293161
318460
325973
339184
366459
369964
393459
393923
416548
419557
435550
437076
439189
451775
470781
474749
480057
482287
482799
504974
510369
542552
544587
547286
547434
554267
556210
556770
583655
590664
598947
619595
625432
642891
647160
648569
650458
653903
656493
670685
677305
693910
694632
699453
700642
704371
708549
715631
745597
774692
782747
799998
811997
813112
825260
828640
849384
864483
864769
867771
891944
893344
895771
909258
912168
912835
918953
924592
936040
945816
952563
959134
972732
994201
