382
1006
1039
1050
1285
1356
1780
1972
2023
2148
2209
2255
2994
3006
3242
3551
3822
3897
3906
4435
4833
5129
5468
5556
6576
6609
6765
7049
7052
7150
7340
7412
7581
7641
7742
8343
8726
8776
8961
8978
9079
9093
9109
9141
9148
9217
9387
9398
9868
10257
10416
10454
10500
10561
10633
10925
11074
11233
11252
11400
11632
11673
11903
12010
12269
12374
12439
12776
13290
13364
13517
14058
14315
14957
14980
15098
15160
15744
15907
16017
16132
16137
16413
16554
16652
16656
16659
16994
17087
17098
17315
17348
17963
18047
18500
18851
19478
19661
19892
19928
20025
20265
20298
20395
20754
21428
21470
21527
21906
22281
22394
22953
22954
23118
23250
24300
24373
24420
24483
24662
24764
25299
25301
25470
25635
25939
26006
26224
26682
26823
26831
26965
27239
27368
27790
27793
27872
28000
28141
28274
29700
29933
30069
30171
30529
31079
31147
31271
31511
31562
31683
31724
31824
31829
32335
32441
32449
32593
32694
33088
33101
33481
33506
33788
34144
34775
34874
35032
35049
35191
35390
35401
35427
35473
35662
35687
35725
35788
36112
36332
36440
36466
36552
36750
36814
37015
37161
37296
37549
37752
37846
38444
38491
38908
39152
39251
39614
39650
39674
39774
39972
40008
40150
40295
40366
40479
40546
41065
41367
41548
41549
41782
41783
41837
42064
42534
42632
42786
43003
43165
43223
43301
43349
43353
43412
43534
43701
43721
43773
43803
44893
45011
45019
45166
45801
46284
47039
47060
47209
47341
47581
47660
47888
48030
48383
48686
48913
49284
49418
49497
49629
49717
50201
50551
50804
50859
50866
50948
51260
51822
52145
52360
52659
52671
52709
52766
52886
52903
52931
53180
53228
53589
53659
54008
54009
54059
54153
54162
54208
54216
54415
55174
55486
55501
55539
55554
55714
55807
55840
55920
56274
56305
56440
56622
56818
56879
56910
56938
57001
57058
57325
57722
58002
58141
58319
58433
58587
58863
58886
59419
59496
59931
60114
60223
60271
60286
60664
60744
61085
61198
61245
61295
61405
61674
61679
61914
62160
62169
62295
62805
62914
63330
63531
63543
63672
63718
63918
64172
64282
64336
64654
64762
64922
65003
65409
65442
65826
65917
66115
66146
66167
66213
66319
66828
66876
67029
67257
67533
68012
68754
68822
69180
70166
70264
70431
70439
70609
70680
70724
70764
70900
70955
70979
71055
71127
71699
71714
71758
71777
72030
72806
72936
72948
73057
73098
73400
73552
73664
73769
73850
74207
74455
74498
74929
74932
74987
75915
75946
75987
76266
76353
76566
77391
77505
77799
78005
78657
79186
79307
79419
79612
79924
79937
80148
80152
80621
80669
80772
81040
81073
81471
81679
82016
82045
82344
82356
82603
82710
82910
82963
82989
83034
83113
83177
83409
83462
83488
83494
83599
83602
83676
83736
84166
84808
85108
85226
85360
85803
85903
86165
86243
86403
86419
86967
87067
87346
87587
87670
87963
88407
88677
88793
88863
89053
89063
89092
89327
89433
89519
89719
89812
89970
90071
90441
90454
90952
90971
90973
91107
91220
91380
91686
91829
91887
92084
92130
92142
92374
92470
92561
92622
92714
92883
92909
93118
93180
93254
93270
93324
93397
93832
94228
94418
94891
94904
95018
95097
95098
95141
95439
95732
96196
96841
96873
97032
97047
97184
97550
97791
97793
98068
98101
98149
98484
98860
99039
99329
99560
99686
99762
99849
99932
100210
100240
100602
101021
101499
101569
101631
101894
101900
101965
102183
102290
102738
102779
103173
103282
103331
103444
103665
103981
104755
104799
104963
105198
105406
105621
105845
106022
106161
106176
106259
106451
106488
106500
106660
106797
106847
106930
106962
107076
107205
107215
107413
107419
107758
107955
108058
108127
108144
108208
108230
108475
108529
108653
109327
109353
109371
109633
109968
109998
110102
110240
110591
110791
110908
110921
111595
111618
112109
112143
112152
112209
112326
112569
112977
113598
113696
113775
113944
114495
114871
115084
115312
115328
115350
115461
115474
115523
115584
115972
116200
116600
116719
116864
116893
117254
117262
117618
117673
117744
118292
118367
118796
119147
119821
119946
120012
120575
120599
120934
121063
121240
121728
121834
121880
121921
122129
122214
122369
122482
122487
122683
122889
123075
123116
123579
123822
123851
123884
124126
124140
124205
124308
124564
124663
124990
125038
125101
125648
125655
125741
125894
126006
126113
126209
126293
126370
126623
126658
126746
126796
127029
127121
127224
127307
127396
127500
127797
127803
127860
128025
128342
128404
128479
128583
128726
129296
129770
130140
130734
130864
130892
130962
131019
131062
131103
131208
131845
132179
132391
132419
132514
132545
132673
132799
132971
132987
133086
133135
133157
133880
134056
134198
134246
134672
134728
134797
134990
135108
135223
135288
135325
135519
135605
135710
135991
136298
137005
137160
137439
137498
137835
137868
137949
138152
138270
138513
138725
138726
138727
138872
139979
140374
140559
140918
141264
141725
141911
142323
142415
142553
142958
143038
143444
143549
143671
143774
143855
143910
144071
144138
144143
144204
144395
145009
145181
145376
145566
145753
145816
145862
145989
146158
146287
146297
146342
146412
146612
146613
146788
146825
146882
147687
147753
147881
148459
148576
148599
148846
149156
149159
149259
149495
149578
150045
150052
150398
151053
151194
151301
151350
151424
151556
151574
151959
152416
152603
152654
152772
153381
153485
153488
154602
154731
154758
155110
155271
155381
155390
155476
155511
155697
155765
155775
155893
155957
156072
156372
156523
156743
156817
157008
157230
157546
157621
158132
158219
158437
158573
158909
159092
159224
159245
159457
159549
159630
159800
160051
160143
160600
160681
160721
161165
161682
161860
161930
162258
162519
162522
163133
163676
163813
164051
164130
164202
164288
164669
164671
164864
165117
165409
165412
165481
165886
166088
166350
166476
166521
166724
166790
166832
166837
166928
167178
167219
167241
167765
168840
168858
168875
169010
169137
169385
169557
169710
169930
170023
170182
170214
170329
170458
170476
170683
170911
171006
171233
171469
171790
171988
172304
172416
173058
173060
173174
173298
173301
173390
173549
173649
173741
174073
174166
174327
174827
174841
174914
174935
175340
175757
175815
175877
175917
176007
176030
176067
176176
176252
176520
176548
176552
176681
176866
176952
177458
177829
178260
178446
178488
178614
179010
179290
179790
179989
180339
180432
180893
181207
181421
181654
181759
182007
182145
182173
182285
182299
182582
182620
182637
182654
182731
182791
182802
183233
183319
183514
183545
183859
183860
183917
183959
184012
184218
184541
185046
185272
185390
185608
185886
185917
186204
186208
186215
186537
186785
187010
187197
187329
187339
187354
187563
187586
187799
187903
187963
188666
188667
188733
188741
189101
189150
189280
189315
189389
189731
189859
189881
189918
190162
190430
190557
190784
190862
191181
191206
191240
191319
191454
191689
191764
191801
191939
192106
192594
192633
192908
193297
193321
193474
193518
193771
194178
194179
194500
194523
194796
194820
195208
195243
195614
195670
195671
195928
195933
196302
196395
196669
196761
196932
196939
197117
197373
197537
197613
197956
197962
198303
198590
198725
199058
199483
199558
199598
199791
199895
200010
200285
200444
201322
201417
201517
201939
201981
202043
202621
202629
202748
203035
203388
203844
204384
204518
204887
204948
205006
205041
205044
205302
205320
205549
205839
205844
205985
206028
206275
206318
206491
206629
206657
206753
207319
207869
207896
207970
208049
208109
208420
209078
209411
209522
209608
209901
210030
210762
211307
211653
211718
212605
212694
213189
213518
213527
213576
213621
213675
213735
214001
214197
214400
214424
214685
214756
215766
215786
215789
215919
216560
216562
216778
216815
216943
217465
218005
218132
218592
219036
219086
219324
219354
219643
219717
219765
219923
220274
220316
220436
221051
221544
221668
222131
222303
222576
222621
222924
223066
223359
223589
224244
224266
224420
224470
224799
224864
224940
225029
225263
225333
225669
225697
226560
226591
226746
226779
227238
227240
227326
227739
227938
228297
228442
228500
228704
229002
229021
229508
229668
229903
229972
230174
230316
230374
230622
230640
230652
230721
230797
230901
231120
231553
231657
231858
231974
231986
232382
232460
232835
232923
234092
234108
234126
234267
234308
234671
235004
235133
235427
235449
236196
236527
236703
236725
237216
237224
237373
237787
237897
237989
238099
238384
238600
238919
239311
239426
240308
240434
240529
240736
240745
240860
241293
241494
241525
241677
241705
242119
242206
242256
242345
242602
242638
242744
244247
244437
244517
244917
244971
245012
245165
245431
245513
245515
245987
246024
246336
246543
247348
247854
248009
248880
249026
249032
249143
249316
249337
249477
249685
249826
249923
249941
249948
250013
250346
250680
251191
251422
251519
251679
251777
252098
252161
252483
252645
252649
252707
252786
252824
253193
253300
253378
253783
253853
253891
253908
254087
254572
254631
254876
254943
255018
255042
255444
255501
255600
255635
255876
256375
256414
256505
256672
256902
257609
257702
257884
258600
258907
259199
259585
259674
259916
260051
260054
260552
260666
260839
261506
261846
261914
262059
262086
262389
262448
262901
263037
263095
263099
263276
263284
263798
263948
263998
264075
264289
264301
264365
264612
264996
265027
265187
265576
265746
266109
266123
266548
266617
266649
266769
266786
267051
267060
267141
267577
267839
267980
268302
268319
268581
268598
268695
268845
268944
268968
269552
269735
269740
270227
270231
270340
270457
270919
270979
271099
271339
271514
271548
271666
271820
271875
272257
272449
272758
272913
273145
273544
273604
273664
274222
274561
274655
274659
274895
274912
275161
275930
276253
276267
276596
276698
277149
277197
277286
277366
277685
277757
277839
277901
278239
278313
278591
278628
278824
278938
279154
279184
279355
279365
279372
279450
279574
279601
279725
279783
279800
279823
279895
279934
279952
280105
280403
280419
280621
280625
280761
280900
281098
281344
281672
282335
282850
282902
282940
283145
283205
283389
283521
283788
283793
283915
283953
284128
284199
284258
284632
284704
284946
285126
285159
285217
285732
285741
285868
286198
286373
286459
286514
286527
286696
286732
286769
286878
287013
287037
287444
287445
287695
288016
288357
288456
288741
289296
289376
289451
289466
289897
290018
290046
290053
290090
290200
290274
290283
290396
291475
291543
291599
291830
291871
292225
292338
293113
293297
293389
293592
293629
294285
294349
294371
294648
294753
294761
294895
295307
295879
295915
295998
296554
296820
296973
297189
297664
297897
298044
298814
299167
299905
300101
300148
300303
300366
300453
300540
300575
300857
300937
300998
301237
301727
302482
302571
302624
302673
302918
303273
303811
303839
303862
304083
304085
304161
304277
304356
304515
304727
305478
305795
305904
306589
306659
306667
306669
306673
306688
306860
306976
307076
307222
307456
307779
308347
308409
308555
308632
308691
308936
309382
309647
309995
310006
310026
310452
310516
310674
310952
310996
311433
311527
311773
311925
312209
312473
312702
312872
313220
313319
313736
313989
314293
314450
314715
314876
315742
315910
315966
316247
316486
316539
317061
317123
317484
317920
318127
318493
318534
319340
319490
319689
320220
320429
320540
320919
321190
321215
321434
322257
322280
322544
322587
322668
322687
322756
323208
323344
323684
324471
324563
324635
324852
325057
325065
325235
325258
325413
325594
325923
325987
326181
326406
326550
326621
326698
327572
327872
327876
328351
328835
329084
329177
329251
329533
329738
330159
330448
330499
330731
330945
330949
331078
331222
332052
332071
332267
332518
332590
333140
333187
333244
333560
333625
333770
334213
334680
334788
334886
335154
335180
335244
335271
335613
335799
335821
336001
336081
336623
336735
336788
337084
337200
337367
337553
337561
337576
337633
337765
337925
338226
338262
338339
338890
339188
339407
339550
339864
340015
340112
340358
340408
340628
341080
341236
341491
341673
341832
341958
342144
342333
342487
342868
343675
343725
344279
344439
344515
344838
345037
345188
345279
345399
345919
346035
346306
346408
346668
346773
346833
346849
347001
347363
347411
347519
348279
348399
348570
348598
348657
349215
349392
349722
350059
350074
350164
350291
350331
350608
350687
351410
351434
351528
351905
352158
352262
352562
352919
353074
353123
354184
354851
354992
355205
355497
355677
355712
355726
355740
356047
356403
356660
356903
357841
358115
358396
358814
358843
359057
359231
359452
359523
359759
359961
360127
360312
360631
361303
361436
361447
361476
361521
361651
361862
362179
362207
362397
362411
362592
362783
363115
363528
363951
364176
364312
364555
364583
364607
364787
365285
365456
365561
365840
365898
366057
366152
366288
366348
366738
366944
367025
367586
368303
368318
368587
369598
369683
369892
369895
370691
371133
371178
371378
371878
371901
371923
371949
372039
372525
372597
372749
373555
373757
373789
373930
373979
374234
374322
374448
374561
374631
374827
375217
375461
375663
375922
375927
376214
376374
376627
377055
377140
377277
377424
377489
377836
378085
378171
378506
378519
378841
379039
379242
379284
379300
379430
379437
380010
380094
380334
380492
380529
380925
381232
381335
382073
382572
382893
382988
383201
383303
383316
383486
383563
383608
383959
384004
384024
384209
384642
384719
384855
384898
384940
384966
385362
385510
385634
386136
386200
386293
386376
386607
386680
386707
386792
386986
387001
387015
387086
387832
387860
388081
388223
388245
388262
388290
388423
388525
388558
388780
388784
389313
389482
389533
389624
389746
389805
390979
390988
391288
391350
391548
392095
392321
392655
392920
392941
393267
393286
393313
393357
393596
393697
393707
393790
393911
394130
394276
394504
394573
395410
395553
395631
395866
395953
396187
396373
396691
396731
396978
397484
397574
397606
397862
397868
398369
398400
398566
399001
399320
399578
399913
400178
400397
400483
400703
401112
401833
402146
402890
402977
403056
403283
403326
403397
403576
403821
403878
403995
404150
404226
404231
404848
405130
405233
405301
405460
405543
405604
405767
406021
406307
406491
406766
407362
407531
407638
407639
407813
408013
408047
408341
408875
409621
409970
410260
411086
411128
411458
411861
411939
412224
412329
412458
412565
412577
412656
412695
412839
412962
413647
413682
413746
413813
414207
414268
414336
414337
414563
414661
414976
414982
415104
415650
415739
415885
415987
416099
416183
416305
416665
416753
416779
417236
417566
418015
418774
418902
419672
420658
421005
421392
421414
421600
422064
422566
422762
422879
423191
423278
423485
423494
423671
424152
424294
424367
424431
425096
425190
425257
425361
425415
426082
426133
426338
426655
426681
426840
426851
427130
427174
427356
427392
427646
427998
428016
428091
428209
428223
428353
428512
429052
429098
429127
429139
429174
429314
429435
429452
429940
430101
430233
431205
431437
431510
431516
431948
432254
432480
432684
432717
432822
432831
433023
433408
433411
433685
433794
433842
433988
434150
434287
434484
434608
434669
434938
435034
435447
435652
435958
436109
436478
436483
437034
437343
437805
437806
437874
438243
438536
438571
438586
438593
439136
439239
439507
439513
439652
439775
439832
439988
440266
440725
441290
441614
441823
441938
441987
442138
442154
442189
442449
442489
442660
442698
443093
443323
443441
443593
443900
443916
444450
444551
444668
445148
446411
446765
446849
447067
447514
447563
447940
448251
448815
448883
449150
449357
449419
449476
449678
449856
449880
449911
450025
450254
450308
450480
450637
450731
451181
451265
451288
451496
451665
451762
451808
451927
452267
452375
452398
452413
452817
452852
452898
452949
453210
453682
453765
454154
454371
454486
454667
454856
454993
455132
455269
455350
455577
456789
456842
457161
457593
457746
458723
458761
458870
459001
459106
459181
459247
459431
459449
459967
460089
460116
460294
460564
460602
460781
460795
460998
461331
461440
461496
461938
462193
462993
463046
463117
463167
463495
463913
464006
464047
464286
464459
464615
464849
464968
465056
465096
465204
465221
465290
465450
465459
465469
465616
465780
465799
466176
466397
466474
466799
466989
467185
467273
467544
467628
467964
468202
468626
468769
469052
469444
469483
469576
469640
469762
469818
469904
470421
470737
471175
471187
471227
471571
471814
471920
472084
472401
472648
473147
474268
474509
475418
475424
475537
475549
476003
476213
476227
476521
476788
477023
477043
477053
477083
477205
477309
477807
477834
478228
478691
479185
479320
479334
479347
479390
479684
479817
479959
480603
480829
481573
481686
481705
481858
481876
482105
482268
482975
483076
483130
483145
483207
483280
483648
483990
484073
484115
484264
484454
484455
485075
485108
485340
485405
485424
485488
485702
487262
487867
487883
488092
488492
488814
489054
489228
489614
490174
490280
490324
490365
490542
490627
490644
490847
491046
491253
491565
492033
492088
492111
492162
492664
492678
492723
492967
493831
494145
494386
494554
494584
494628
495196
495265
495359
495381
495595
495636
495644
495697
495835
496056
496111
496194
496478
496837
497196
497999
498077
498116
498199
498701
498760
498794
498801
499024
499066
499089
499674
499854
499885
499997
500516
500552
500763
500820
501117
501205
501246
501762
501811
502007
502022
502467
502930
503104
503369
503554
503576
503613
503623
503918
503955
503975
504128
504166
504471
504887
504930
504938
505177
505272
505381
505428
505603
505721
505917
506283
506535
506696
507338
507490
507538
507687
508025
508031
508051
508068
508525
508614
509427
509464
509465
509526
509766
510047
510450
511019
511042
511445
511852
511918
512740
512825
512999
513213
513558
513581
513637
513652
514126
514255
514513
514522
514581
514599
515037
515199
515230
515385
515560
515751
515981
516020
516193
516289
516490
516777
516829
516953
516963
517690
517698
517723
518633
518893
518912
519130
519844
520025
520208
520271
520541
520829
520963
521047
521229
521371
521493
521794
521830
522229
522236
522337
522364
522540
523213
523445
524190
524546
524710
524943
524995
525036
525214
525395
525584
525622
525751
526119
526328
526634
526765
526791
527128
527132
527138
527350
527410
527439
527615
527750
528144
528366
529035
529490
529766
529992
530100
530124
530309
530440
530707
530711
531102
531553
531708
531900
532011
532058
532760
532820
532823
532827
533057
533371
533374
533737
533771
533825
534219
534424
534532
534673
534687
534714
534805
535461
535495
535671
535713
536035
536441
536572
537065
537232
537273
537317
538374
538392
538637
539457
539465
539581
539610
540088
540117
540205
540993
541384
541444
541495
541582
541624
541757
541855
542194
542404
542491
542676
542742
542894
543349
544172
544467
544470
544573
544695
544706
544743
544934
545181
545629
546014
546322
546456
546485
546541
546716
547050
547068
547553
548396
548600
549044
549360
549508
549765
549825
549850
550005
550118
550303
550577
550888
551404
551489
551526
551610
551611
551657
551841
552164
552193
552353
552539
552671
552677
552795
552810
553200
553621
553855
553962
554054
554193
554291
554320
554342
554642
555121
555339
555747
556275
556403
556467
556498
556845
556918
556983
557177
557226
557251
557543
557767
558102
558281
559168
559340
559800
560054
560220
560837
560940
561059
561171
561239
561280
561639
561993
562570
562891
562933
562940
563011
563245
563749
564038
564104
564593
564783
564997
565213
565222
565489
565542
565573
566119
566207
566367
566747
566909
567058
567092
567153
567258
567564
567621
567834
568134
568365
568506
568524
568650
568836
569206
569267
569876
569883
570070
570099
570404
570415
570497
570753
570771
570857
571622
571696
571789
572012
572128
572287
572647
572760
572945
573167
573384
573540
573620
573892
574929
575220
575466
575611
575932
576304
576962
576973
577179
577183
577214
577252
577406
577598
577938
578523
578545
578830
578951
579104
579311
579313
579315
579471
579565
579970
579996
580006
580047
580319
580559
580784
580860
581161
581231
581338
581799
581847
581918
582539
582886
583313
583617
583673
584035
584071
584266
584503
584573
584701
584761
584781
585131
585215
585256
585279
585347
585447
585874
585898
586048
586271
586508
586795
586968
587211
587280
587324
587399
588344
588435
588588
588984
588998
589140
589540
589631
590112
590225
590438
590629
590638
590653
590707
590770
590777
591627
592410
592544
592607
592911
593238
593314
593378
593668
593718
593970
594019
594252
594510
594614
594642
594713
594730
595411
595481
595628
595818
596184
596615
596623
596673
596704
596898
596950
596981
596996
597243
597584
597636
597845
598261
598480
598527
598679
598708
598923
599082
599098
599582
599736
599764
599766
600011
600013
600079
600766
601104
601130
601182
601238
601263
601572
601737
601774
601814
601830
601908
602037
602413
603419
603681
603853
604098
604302
604610
604709
604777
604814
605239
605252
605284
605293
605501
605587
605602
605652
605659
605890
605996
606063
607184
607238
607434
607773
607985
608030
608435
608541
608726
608737
609324
609380
609611
610035
610160
610206
610733
610751
611129
611216
611326
611415
611430
611442
611522
611720
611722
612001
612008
612131
612188
612264
612467
612781
613002
613156
613202
613380
613576
614316
614447
614483
614558
615075
615083
615469
615541
615601
615673
615882
615892
616059
616132
616320
616581
616942
617106
617301
617317
617579
617685
617774
618674
618751
618853
618955
619220
619300
619361
619373
619399
619462
619490
619553
619881
620103
620170
620498
620627
620922
620928
620991
621076
621123
621299
621337
621467
621917
622523
622974
623617
623823
623879
624181
624338
624567
624688
624708
625067
625455
625634
625740
625742
625875
625894
626071
626390
626451
626514
626539
626601
626808
626984
627038
627165
627212
627543
627924
628010
628607
628739
629239
630012
630110
630115
630225
630411
630923
631016
631020
631081
631137
631246
631249
631478
631880
631998
632316
632546
632554
632730
632820
632886
633096
633512
633566
633721
633973
634168
634732
634855
635102
635244
635406
636185
636428
636524
636595
636688
637302
637677
637816
638665
638779
638909
638924
639335
639531
639757
639773
640186
640212
640682
640917
641008
641112
641280
641310
641498
641545
641749
641791
641816
641971
641994
642017
642051
642098
642285
642316
642834
643039
643072
643505
643549
643773
643868
643869
644562
644717
644839
644902
645940
645996
646073
646370
646418
646440
646710
646858
647220
647349
647594
647991
648346
648413
648510
648675
648852
649264
649443
649513
649666
649983
650084
650112
650229
650464
650689
650874
650887
651056
651128
651381
651502
651514
651579
652078
652107
652423
652945
653021
653600
653615
653807
653808
654103
654451
654960
655256
655402
655415
655422
655588
655647
655737
656444
656484
656511
656560
656665
656672
656886
656898
657169
657529
658145
658182
658242
658258
658706
658776
659005
659042
659089
659198
659239
659380
659415
659597
659885
659982
660594
660596
660612
660767
661089
661396
661994
662034
662068
662426
662707
662711
662734
662869
663135
663193
663205
663428
663515
663828
664316
664410
664518
664583
664605
664612
664794
665294
665310
665550
665770
665879
666180
666201
666381
666409
666621
666736
666985
667022
667253
668187
668373
668785
669023
669173
669371
669488
669662
669782
669929
670002
670110
670350
670385
670428
670637
670904
671153
671700
671793
672000
672111
672148
672197
672402
672722
672816
673053
673226
673283
673305
674007
674097
674469
674483
674872
675517
675767
676282
676563
676670
677024
677729
678196
678358
678511
678535
678582
678646
679002
679027
679062
679434
679551
679642
679744
679779
680113
680910
681026
681419
682140
682330
682739
683039
683400
683534
683850
683934
684009
684148
684352
684353
684759
684773
685148
685408
685409
685777
685846
685994
686039
686291
686321
686383
686784
686903
686922
686981
687062
687069
687361
687533
687539
687778
687877
687895
688015
688220
688413
688589
688767
688996
689412
689476
689571
689631
689939
690013
690156
690187
690219
690323
690354
690457
690547
690813
690828
691024
691230
691329
691505
691525
692583
693191
693194
693282
693357
693491
693575
693669
693711
694277
694488
694656
694803
694992
695489
695491
696332
696422
696670
696993
697057
697153
697157
697364
697451
697549
697742
697761
697917
697989
698241
698268
698663
698946
699024
699106
699167
699221
699256
699643
699697
700148
700359
700381
700421
701475
701592
701720
701830
702467
702573
702822
702921
703010
703220
703581
703595
703613
703690
703788
703918
703961
703979
704112
704221
704275
704300
704323
705046
705110
705278
705288
705366
705491
705842
705984
706365
706515
706729
706947
707098
707207
707243
707273
707274
707425
707533
708079
708118
708232
708325
708425
708612
708699
708784
709265
709528
709606
709677
709715
710097
710113
710519
710587
710892
711062
711094
711648
711987
712077
712160
712238
712586
712639
712797
713266
713457
713854
714051
714597
714703
714916
714947
715111
715196
715244
715579
716411
716538
716725
717075
717118
717231
717456
717575
717661
717769
718065
718538
718644
718699
719039
719292
719355
719568
719722
719874
720082
720171
720199
720227
720259
720539
720576
721629
721980
722058
722144
722219
722268
722337
722472
722909
722983
723209
723231
723494
723761
724421
724459
724612
724618
725105
725345
725388
725617
725890
725976
725985
725986
726537
726583
726590
726808
726921
727213
727280
727560
727618
727651
727667
727897
727969
728283
728669
728975
729172
729619
729797
729829
730097
730215
730306
730458
730534
730686
730700
731003
731107
731166
731368
731420
731969
732180
732397
733200
733568
733598
733648
733971
734453
734554
734833
734941
735108
735129
735437
735989
736131
736165
736295
736496
736716
737125
737149
737187
737362
737538
737965
738526
738917
739036
739956
740498
740631
740919
741236
741629
741965
741990
742413
742557
742617
742641
742713
742716
742751
742888
743070
743607
743697
743814
743848
743867
744189
744256
744891
745398
745611
745822
746029
746154
746720
746808
746883
746961
747229
747516
748350
748362
748567
748782
748785
748902
749084
749208
749583
749609
749716
749736
749764
749847
750402
750421
750535
750624
750754
750802
751729
751835
752383
752845
753926
754148
754772
754870
754960
754976
755177
755277
755299
756389
756479
756535
756546
756607
756761
756987
757259
758096
758210
758212
758591
758677
758932
759477
759496
759589
760124
760207
760415
760744
761273
761323
761966
762146
762261
762568
762637
762894
762924
763159
763418
763552
763781
763970
764269
764773
765301
765592
765609
765955
766052
766083
766112
766470
766482
766639
766710
766753
766924
766998
766999
767407
767654
767796
767818
767979
768086
768293
768476
768499
768515
768640
769082
769205
769483
769572
769658
770012
770064
770406
770500
770632
770816
771326
771586
771596
771609
771934
772205
772284
772380
772595
772808
772884
773185
773268
773517
773684
773903
774036
774448
774591
774819
774996
775511
775948
776001
776453
776861
777103
777107
777219
777379
777705
777819
778120
778241
778594
779069
779266
779480
779568
779981
780119
780526
780695
781092
781341
781370
781408
781424
781540
781582
781599
781939
782110
782227
782835
782915
782981
783442
783772
784315
785165
785182
785280
785369
785510
786505
786645
786987
787056
787142
787269
787321
787694
787818
788108
788321
788504
789328
789351
789506
789535
790081
790100
790150
790179
790221
790317
790371
790436
790680
790884
791241
791326
791370
791501
791564
791722
791959
792753
792992
793071
793226
793460
793463
793775
793796
793869
794011
794149
794246
794284
794517
794724
794777
794829
794879
794977
795001
795043
795405
795454
796242
796256
796393
796591
796657
797105
797106
797128
797268
797434
797709
797734
798155
798296
798677
798756
799137
799475
799635
800166
800511
800572
800701
800826
800863
800875
800893
800943
801715
801866
801868
802031
802396
802843
802961
803153
803943
804272
804783
804911
805040
805154
805188
805354
805466
805496
805727
805773
805805
805904
805940
806441
806443
807076
807275
807457
807504
807595
807620
807653
807717
808213
808634
808938
809145
809150
809196
809631
809802
809805
809829
810014
810144
810660
810818
811043
811340
811347
811357
811702
811929
812093
812288
812464
812667
812724
812853
813090
813190
813476
813490
813565
813682
813684
813957
813995
814351
814556
814889
815011
815130
815229
815277
815563
816157
816275
816443
816458
816484
816835
817049
817200
817251
817887
817889
818067
818081
818101
818235
818376
818396
818398
818456
818537
818608
818757
818832
818875
818979
819132
819301
819414
820223
820371
820603
821014
821064
821481
821555
821882
822030
822186
822331
822436
822697
822723
823347
823768
823822
824072
824137
824375
824407
825023
825090
825322
825343
825397
826572
826875
827240
827651
827939
828150
828162
828262
828359
828796
829329
829521
830192
830298
830464
830494
830816
831071
831172
831180
831638
831983
831987
832076
832193
832727
832770
833563
833594
833617
833782
833796
833930
834288
834621
834631
834826
834916
835186
836249
836289
836941
837926
839377
839498
839592
839631
839950
840013
840371
840510
840663
840862
840972
841152
841622
841773
841834
841900
842074
842332
842588
842783
842848
842886
842908
843055
843892
843907
844077
844167
844231
844314
844349
844376
844813
844931
844984
845134
845172
845246
845436
845597
846122
846342
846362
846393
846515
846705
847184
847253
847297
847578
847606
847621
847738
848035
848065
848208
848286
848547
848651
848799
848831
848874
848935
849228
849670
849769
849808
850091
850294
850929
851059
851371
851435
851696
851938
852421
852584
852652
852769
852771
852795
853200
853239
853269
853280
853355
853555
853836
853901
854185
854286
855176
855275
855320
855681
856251
856497
856704
857008
857334
857451
857510
857702
858146
858300
858345
858359
858631
858827
858914
858919
859757
859872
860296
860354
860567
860727
861235
861407
861841
861847
862021
862392
862528
863115
863209
863243
863672
864079
864257
864344
864581
864787
864994
865037
865237
865245
865259
865265
865479
865600
865612
865871
866091
866176
866838
866978
867054
867061
867145
868327
869096
869151
869421
869621
869676
870115
870189
870368
870448
870450
870767
870780
870792
870848
871062
871518
871914
872362
872367
872436
873156
873163
873321
873438
873667
873822
873870
874193
874245
874256
874304
874367
874450
875021
875145
875326
875452
875471
875801
875996
876083
876146
876172
876286
876467
876631
876854
876922
877002
877214
877379
877448
877615
877650
878037
878066
878281
878483
878596
878676
878696
878727
878988
879048
879177
879278
879593
879634
880293
880299
880391
880663
880884
880931
881078
881207
881221
881539
881661
881972
882126
882893
883220
883615
884308
884323
884763
884922
885076
885574
885739
886029
886127
886137
886180
886378
886616
886698
886918
887001
887172
887200
887437
887592
887902
887905
888031
888297
888533
888966
889004
889198
889279
889492
889718
890243
890482
890613
890936
891029
891051
891132
891265
891397
891734
892122
892128
892167
892272
893439
893480
893734
893750
893816
893851
893976
894051
894261
894436
894549
894822
894828
895106
895255
895652
895777
895879
895888
895993
896004
896098
896353
896895
896971
897189
897329
897523
898840
898848
898919
899617
899949
900260
900426
900537
900672
900792
901014
901282
901559
901680
901885
902029
902147
902718
902803
902856
902965
903235
903257
903435
903937
903994
904099
904263
904308
904518
904704
904756
904944
905091
905752
905772
905917
906560
906712
906995
907119
907331
907881
908014
908279
908361
908479
908508
909236
909296
909318
910021
910153
910236
910397
910483
910740
910903
911113
911139
911266
911524
911573
911792
912186
912223
912381
913130
913148
913396
913498
913695
913956
914133
914261
914567
914807
914846
914898
915068
915594
915766
915773
915851
915917
916084
916191
916341
917515
917561
917751
918086
919008
919627
919734
920098
920286
920469
920543
920754
921358
921361
921421
921913
922675
923381
923515
923566
923907
923948
924322
924412
924508
924509
924569
925721
925851
926251
926298
926374
926768
926908
927040
927204
927483
927550
927673
928122
928176
928370
928619
928799
929090
929121
929237
929279
929414
929947
930064
930364
930504
930898
930982
931128
931177
931211
931478
931498
931692
931736
932427
932455
933115
933204
933295
933482
933547
933699
933737
933954
933994
934308
934526
934554
934912
934955
935193
935207
935209
935863
935895
936010
936039
936324
936535
936660
936843
936927
936953
937415
937578
937652
938000
938204
938324
938383
939237
939400
939489
939596
939610
940158
940527
940653
940671
941380
941418
941455
941954
942225
942228
942325
942383
942402
942875
942893
942980
943722
943895
943962
944012
944417
944504
944511
944586
944627
944995
945406
945545
945613
945900
946006
946176
946367
946718
946815
946993
947045
947446
947571
947898
947968
948267
948620
948704
948748
948766
949121
949317
950687
951977
952205
952395
952545
952675
952694
952842
953132
954441
954741
954775
954796
954885
955113
955126
955192
955532
955775
956012
956057
956512
956585
956613
957033
957239
957281
957702
957704
957758
957770
957846
957906
957977
957996
958113
958161
958217
958821
958825
958872
958972
959065
959086
959128
959711
959836
959998
960109
960142
960618
960652
960748
960754
961386
961535
961724
961787
962092
962423
962676
962889
963040
963346
963651
963805
963822
963890
963910
964025
964057
964201
964723
964882
964989
965037
965702
965708
965834
966062
966239
966396
966563
966670
966687
967024
967032
967438
967611
967922
967994
968006
968636
968828
969103
969210
969489
969618
969657
969808
969820
969833
969852
970072
970106
970149
970250
970433
970772
971036
971131
971520
971849
972366
972458
972661
972768
973023
973543
973597
973961
974056
974289
974473
974689
975051
975195
975221
975526
975741
976166
976329
976635
976862
976906
977497
977555
977814
978011
978099
978465
978883
978939
979070
979151
979259
979654
979736
979859
979884
980042
980251
980349
980352
981751
981858
981903
982523
982630
982712
982713
982724
983071
983274
983459
983533
983566
983818
983983
983990
984043
984103
984112
984699
984783
984821
985314
985353
985393
985453
985469
985710
985761
986038
986157
986185
986244
986250
986308
986555
986894
986897
986989
987009
987375
987617
987628
987635
987742
987876
988609
988659
988775
988884
989110
989134
989505
990071
990082
990807
991188
991225
991422
991842
991884
992757
993049
993093
993275
993369
993381
993442
993540
993706
993772
994270
995303
995304
995390
995722
996062
996657
996789
996842
996848
996891
997015
997075
997588
998587
998653
998966
999043
999075
999103
999529
999573
999709
999776
999864
