1679
1850
2813
3302
4472
5593
6132
6214
8352
9118
9800
9822
10720
11257
13771
14121
15434
15721
16756
17175
17825
17898
18313
19518
20089
22864
24106
24714
27820
29389
29424
30721
30796
30834
31558
33883
34732
34890
37517
37793
38364
39359
39589
40578
41315
43280
44949
45851
46473
46681
46879
47577
47681
48567
51314
52436
53449
55585
56146
58198
59950
62108
64077
65039
65255
65571
65609
65872
65881
67055
69676
70221
70433
71492
71898
72313
72560
73338
73849
75265
76023
76117
76250
79440
80616
80683
84143
84807
85591
85864
87133
87436
87602
89406
89666
93394
94056
95628
96395
96810
98956
99127
100677
102590
103436
104697
105241
105663
106735
108809
108836
109817
111580
111798
111814
112419
112432
113065
113696
115451
115600
115940
116361
116699
117771
118758
118940
119092
121503
121672
121885
122156
122541
123891
124241
124379
124674
125742
127043
127744
127843
128178
131153
134042
134825
137711
138919
141272
142121
143241
143391
145050
145440
145859
147240
148159
148489
148970
149538
149832
150794
151459
151596
153768
154961
155521
156528
160437
160513
161665
162184
165579
165654
166326
166671
167034
167334
167605
170473
170593
172240
173040
173420
175034
177206
177493
178086
179730
182230
182273
182567
183777
184232
184759
185159
186447
186837
187348
190051
190327
192053
193017
193140
193730
194672
195383
196392
197495
197570
199067
199926
200155
202689
203188
203981
204984
205357
209257
210613
210776
210987
214844
215669
215921
216012
216206
217888
219278
220264
220840
221316
225529
226540
231168
231859
232264
232335
233556
233640
234004
234070
234733
234762
234958
235660
238483
239105
240365
240526
242730
242834
243952
243990
245696
246250
248482
248597
248844
248925
250752
251341
254730
255434
257548
257905
258065
259393
259883
260926
262677
265384
265926
269475
269548
270329
271359
273755
273954
274681
275096
275307
275411
276063
283281
283578
284296
285460
285593
286365
287588
287762
291346
291718
291759
292678
293229
293892
296171
296476
297772
298760
299060
300179
301249
302144
303789
305247
305306
305415
306728
310340
310837
312075
312618
312896
312944
313369
313632
313668
313723
316013
316669
316859
318011
319756
321270
321358
323579
324309
324541
325693
326346
327107
327402
328424
330854
332072
334880
335576
335612
337798
340216
343666
343901
343969
344584
344753
344820
346038
346703
347052
347698
348795
350949
351432
351924
353178
354241
355026
356738
356785
356993
357494
358494
358877
361660
362138
362647
364543
365413
366927
368182
370176
371706
372237
373797
375279
375835
378489
379107
385984
386866
387256
388722
389388
389670
389844
390492
390547
390703
391510
391964
392364
393276
393658
395016
397013
398793
401710
403166
403787
404860
405026
406599
406713
406893
409419
409619
410040
410580
411657
412176
413348
413970
414320
415327
416817
417091
418061
419605
419769
420402
420568
422550
422671
424931
429185
429691
430163
430662
431767
431794
432661
433274
433703
434246
434806
438931
440003
440375
441221
443071
444836
445374
445928
448831
450336
450923
451330
452248
452751
452852
453183
454106
456723
456898
457241
457731
457871
458103
458130
458314
461456
463637
465966
466429
467649
471166
471334
475385
475839
476513
477286
477463
478497
478870
481443
481635
482579
482899
486477
487465
489307
490110
490940
491548
492164
492228
492780
493838
494181
494951
495699
496257
497788
499100
499797
505198
505771
505870
507018
509147
510715
511583
512560
513356
513966
515175
515485
518666
518701
519716
519742
520092
520333
522644
523433
526246
526910
528834
528878
530333
531016
533904
534495
535352
536122
536422
537665
538366
539138
539625
540541
542245
542339
542483
542797
545945
546448
547262
550750
551386
551399
552437
552519
553587
553802
555069
556088
556470
556544
556915
557034
557699
557830
557952
558503
558650
559537
559974
560401
561652
562346
562495
562526
563069
563499
564721
566365
567270
568618
569948
570222
571489
574032
574402
574998
576255
576344
577590
577858
580170
580880
582585
585335
585456
586427
586916
586953
587740
587913
589122
589839
589904
590306
590870
591251
592015
592827
594295
595697
597369
597687
598093
598949
599990
600043
600169
600418
600478
600768
602547
603510
604417
605140
606203
606655
607425
609720
610985
612164
612234
614512
614552
614627
617248
617661
618598
619862
620920
621576
622678
624557
625618
625852
626862
627317
627883
627944
628296
631505
632066
632408
634070
635744
635957
636862
637840
638943
639594
639916
640676
642347
642662
642694
642823
643183
643705
644080
644462
644685
645030
645274
647205
647865
648322
649507
649736
650175
650843
651319
652076
652160
654039
655032
656476
656598
657071
657077
657949
658913
659478
659783
660085
661053
661329
666604
668000
668365
669385
669769
670280
671351
672347
672731
674491
675834
678957
679777
681923
682041
683171
683677
683892
685406
686073
686295
688063
689495
690890
690946
691100
691947
692653
692910
693361
693694
693997
694359
694497
695150
698012
698769
699028
702115
702179
702526
703698
704148
706825
707508
709316
709468
711815
713926
714296
714430
714561
714850
716274
716489
717899
718037
718275
718400
718909
718980
720183
722571
723228
723269
723302
723446
723459
724699
725433
725491
733634
734796
735887
738932
740105
742429
743073
743796
747752
748120
748231
748331
749363
750760
753937
755274
755874
760293
761185
761285
762203
763298
763440
764916
766229
767709
770338
770943
770979
771024
771371
771737
771949
773241
773248
773278
775503
776471
777004
777206
777696
778087
779724
780852
781359
784514
785723
785864
786722
786942
788475
790198
790671
791105
791366
792494
793958
795510
798570
799785
799864
799888
799911
799984
801676
802252
802771
803610
804505
807638
808385
809276
809622
810767
811108
811305
812549
812681
813753
813942
814128
814738
818144
818162
820030
820289
820456
822784
824409
825231
825306
825944
828059
828092
828465
829074
829258
829422
829428
829511
829525
830345
832074
832779
833887
835760
836982
837319
838129
838470
838970
839462
839881
840552
844204
846528
848478
850876
853853
853987
854169
855557
858384
858458
860218
860802
861204
863302
867162
867609
869836
874774
874939
876029
878051
878550
879536
879879
881929
883136
883843
886874
887738
888396
888985
889424
891611
892701
893678
895148
895935
897362
898217
898657
898734
899112
899983
900256
900332
900578
901241
904241
905999
906845
906900
906992
908810
909929
910288
913015
913102
913501
913577
914199
915880
921179
921671
922613
922680
923657
923669
924670
925075
925120
926050
927572
929605
931271
932123
933439
934537
935824
937088
937094
938671
940117
941551
943345
943356
945293
947351
947894
947995
950145
950172
954550
954674
955128
955168
955455
957519
958774
959759
959813
960504
960527
960564
964856
966029
967819
969428
969941
970746
970824
970986
974234
974450
974860
975906
976489
978272
980151
980168
980482
983236
984945
990455
990636
992707
994637
995138
995620
998146
