753666
584715
269836
846863
785938
925205
475161
653858
468002
655908
86054
91182
730672
634929
805944
366141
42560
568386
330822
212038
418376
196688
841809
685656
857689
609391
328820
788596
767096
545912
734842
765564
817788
213631
496267
71308
126096
68756
986277
915115
775853
979631
20158
764096
735943
91343
764624
986328
796890
269018
904929
412906
427759
902906
467713
468737
691467
855311
63760
956179
620823
933144
84259
442671
782128
983354
355132
28481
70980
412485
752970
639326
883048
17768
22902
637827
941447
882574
305040
627102
863647
56227
605603
999849
480685
330161
181171
450494
342975
106942
933315
493518
349656
233436
859619
457192
475116
832494
230897
723442
