360452
851973
196622
688152
589854
229419
65587
720957
32838
294983
557128
71
491602
131173
721001
950381
524406
950405
229514
852119
98473
65719
753854
262346
426192
164050
32986
524513
852199
590055
295153
33018
266
98582
622880
753955
786733
306
327992
721209
786748
360772
328010
295244
164186
33118
459105
98667
196991
557440
98704
65938
786840
590237
917926
917933
164270
98738
459186
229830
262600
491979
65997
688595
467
557531
623102
131590
721418
885261
459283
328217
360997
229926
754224
918080
393796
131657
426571
492109
688760
230013
328318
623231
393871
950937
295577
98972
983710
98978
262829
918189
707
426694
590543
951000
459484
99037
459515
361218
819971
393988
295694
525074
525075
164654
721716
983860
787265
131905
99149
787282
857
66397
787294
983905
328548
164717
131956
590708
623477
623495
623497
394138
525216
394151
820138
132019
263093
328636
295885
820200
787434
33788
263175
1040
1051
230443
427058
754739
295994
427076
918610
984153
754780
623709
820320
656481
590950
722023
623732
558197
394357
99452
361598
885914
361626
689331
1204
558260
459958
328889
230585
591033
459965
722124
99537
918740
558295
656610
885990
951549
66815
820479
984326
918799
165135
197905
918803
34085
951606
1344
689478
623953
427351
492888
165210
165215
230758
66940
460158
787838
460161
689542
656779
460177
984469
755097
492956
624029
230814
394661
34221
689582
427443
427451
591296
722369
984523
624082
656854
230875
1502
263648
132584
984555
558578
198133
296442
165371
493060
296455
361991
656909
296464
394781
722467
99885
984624
788019
853557
460343
558651
362044
198206
263748
67140
1606
558676
231002
329308
132711
788073
624237
460402
231051
624272
1702
100010
231083
460460
558776
329402
755387
460494
34514
886486
657129
624378
984832
296716
591635
526104
821020
821055
460619
919378
591704
1882
690011
952160
329577
952170
788332
493435
526212
329607
886671
919446
526246
559015
296873
1963
198586
427980
427981
493516
493522
559060
231387
788446
853984
67562
690158
296948
2038
952310
657401
591872
985090
493571
788492
690189
854031
428074
34876
723006
657488
329809
231508
821353
985196
821357
166001
624761
231553
559241
886932
67737
657564
67762
231606
886984
690377
231626
985289
133323
690380
2256
362721
952554
985322
2282
362735
559345
526583
493830
461065
362772
624923
428316
624924
985371
133411
330026
690484
330049
198977
559436
526688
67944
428403
559482
395668
100759
690588
526756
788928
264642
68055
461281
2537
362986
657918
297496
821784
330266
264729
100895
166448
526903
2617
264766
461375
461384
264794
395876
166508
428656
592503
100985
232060
559748
658054
985747
625304
821912
101018
887451
527000
428696
723626
133805
297652
559811
330443
756432
199380
723670
985834
625386
658174
527104
887562
756495
822049
690988
330547
953141
789316
985943
789337
461657
2905
625511
559975
68476
297858
756623
920468
691093
232342
986016
986031
527291
625598
658371
887755
887782
35815
232427
134124
920575
723968
658456
396319
527397
986156
560172
35888
560182
592974
920669
691296
396385
855172
822409
167050
461965
35988
953493
167069
3232
101541
756906
199851
593096
429260
560341
330965
396511
134375
560360
625898
691444
920822
822520
265467
232699
101642
363792
68886
855318
658713
363806
167202
462118
396584
3371
101675
789807
855349
757046
724279
855353
199996
625990
888147
167253
560469
658774
462171
331126
69000
429453
724366
101781
396695
560537
363946
855481
626114
658883
69064
953808
36312
789979
101853
69086
167393
3562
232938
757227
724485
790029
396817
822801
429588
757290
953900
921137
396849
953907
69183
724554
527950
560720
691798
659033
724573
560742
36457
560750
200327
921230
69265
626335
396966
69295
560821
429770
233163
397013
233174
233203
233205
986870
200447
986887
757531
921389
626482
659257
888645
495440
593745
560978
593747
757591
298851
102261
135034
364417
3975
69514
298898
298904
429983
233379
659364
692133
266151
200621
561088
495553
364482
495554
102351
495571
4053
593877
954331
921564
593898
659436
823278
561135
135161
987130
430085
921614
593936
823321
364573
299048
987177
462892
561211
495676
364620
659543
168025
200810
725106
200832
364685
528526
790675
921748
266394
594074
790687
954535
528554
233644
528597
889047
495832
528606
659685
233712
659716
561418
463116
921877
725270
266521
528667
299298
168228
758053
626983
463148
889132
463149
889136
561461
954682
921915
528703
659778
627016
397654
168290
102756
299375
725366
496006
725386
168331
823690
922004
266662
987568
397754
627148
528847
102870
168408
70114
233964
233968
561659
496125
135681
463365
70162
430611
922132
823836
594465
135715
889382
365097
528940
660023
463420
496198
692811
397901
332370
954972
528994
627312
430707
758395
987771
791174
234119
987788
103059
660118
627368
201386
234156
594605
332464
365244
987860
758486
103143
529129
889578
660211
692981
267000
103163
70400
594697
299790
758551
725799
955176
103211
856882
103221
660289
594773
463706
791392
824165
824166
430953
922480
955253
562043
299904
758659
922501
758667
168852
791457
168875
70572
922570
463819
365527
365528
496609
168932
431094
791542
365580
496660
398367
169001
562221
791605
857146
5184
300102
758866
922712
201817
365659
988262
5222
726123
332909
38005
824462
627855
234640
332945
201873
562327
234648
693401
922782
169121
627896
136377
726203
562371
857285
824519
988363
726223
70864
955610
562396
365790
464098
955626
988399
726258
988417
824585
824590
922896
955672
529695
922917
988457
726314
955690
857390
693553
824629
431417
890172
988478
791878
595277
136530
464215
267616
693623
365949
759166
824707
71044
562580
103830
824727
660888
660890
234913
497061
464311
660925
234951
824781
5583
71125
5593
398812
300509
366046
792051
5633
103947
431636
398869
103959
792111
857652
333370
562750
169535
661065
497228
595533
104026
759388
169566
693856
169568
169572
693868
38509
300661
235126
300667
136837
857733
464520
824974
169616
300691
956054
530072
267931
693930
530094
562866
726708
235192
693946
595654
956112
792281
923360
923363
562927
628465
628473
497404
366335
268036
366340
202502
399111
399122
235284
497438
759590
38710
661324
333647
563026
726872
431963
694111
497522
530307
825220
530309
825227
890776
137118
333738
333741
169917
497598
628680
333769
464856
235482
595930
595938
759785
792556
825327
956419
923659
825356
137231
71703
858154
38987
366674
6232
137308
104545
497767
661609
137327
956534
301178
104575
235649
661635
661646
661648
891027
596124
39068
137382
6318
923824
497876
596186
104666
956643
596199
760055
399607
39171
923910
923914
923916
137485
956698
235803
661799
792875
694583
465208
334153
432460
891213
596311
235866
6491
760157
530785
432493
104819
825725
301438
465281
399748
465287
235913
137616
727442
858518
334238
596406
989623
563640
629182
137665
760260
694727
694731
301516
72151
301537
465377
629226
301547
661995
236019
236022
924152
825850
301565
301582
301595
104991
760352
334380
6701
334390
989750
662073
432705
891463
858699
170573
432727
367207
662120
727657
301680
662129
694912
203401
72339
662165
858778
105117
170656
662179
105125
465586
629435
891593
203467
760534
72407
301792
400106
596715
760561
891641
170756
891666
563988
39707
203558
432939
695085
498490
203580
465741
924500
531287
269147
826223
859000
596858
72580
138120
957322
7052
400268
727952
760722
367507
760724
990100
7068
727974
793524
367551
629702
728008
957404
531421
465890
924643
891895
7163
236547
269317
531462
203791
924691
400405
531481
793633
662576
236592
236595
203831
236610
728149
564311
498777
924769
564323
466026
334954
859247
105587
859253
40057
760961
236685
334990
40085
728222
302239
990369
629925
72869
990374
433332
400569
498875
7357
203970
695492
728268
40142
728273
171236
466149
629990
826604
662779
498948
826631
793869
105746
367891
236842
367919
990516
105785
662846
630079
7490
138567
925002
859472
433502
236896
400748
892270
728432
302451
728445
466303
400773
171409
662951
138676
400831
859583
400853
335322
531940
138740
990718
7679
957962
859663
171536
695826
499221
466466
73289
106062
499279
171602
761428
663133
138848
138852
138855
302707
892534
597623
761472
827009
958080
728715
499346
171667
401054
564897
827048
827050
597686
499383
433883
204514
7926
368382
139006
761600
368385
728837
794379
925460
892699
794413
466740
991030
859958
401219
663364
925511
663382
499549
204679
106387
794518
630681
335783
466859
237497
499652
434119
434128
532436
729050
401374
892899
303089
565234
172041
303122
729111
860191
696351
630821
532517
794668
139309
172077
139322
401477
991305
303178
729165
598098
106585
467042
663652
532586
991344
401520
303216
8309
106621
106622
565377
761985
139395
499845
663704
925849
696498
598216
401608
467154
467164
827614
205032
237803
467181
467182
794867
205076
565532
663842
663843
500029
794942
237892
106834
106838
794969
729444
41333
696700
762244
893331
696724
74137
139673
172441
41399
467389
172477
401855
270783
532927
532936
238026
401868
500173
664029
664036
74221
795130
598530
827906
893444
729609
500243
41493
172574
696865
270885
598565
238152
631374
598646
696954
303756
369301
74391
828056
172700
664226
303779
369322
828075
926383
303793
795315
467635
336564
41658
205511
500429
893647
631504
107216
926421
434912
762602
762605
860923
271121
697114
303901
107299
434986
271148
9034
467792
795477
959323
729949
598891
893804
926579
992119
304003
926606
631709
271267
140220
9149
140227
959428
402371
697287
435151
41946
926688
762857
74744
599046
730119
173065
599050
861210
500768
107553
762914
107556
861228
664627
828485
336966
468040
926795
238667
730196
369750
926806
697436
402529
140385
173155
140388
959616
9346
599173
664709
959623
402577
566422
402595
828584
42164
730310
206029
435411
828630
730336
271587
402659
632048
74993
795905
599305
730380
238890
369968
9521
402751
664899
337222
697671
927057
75090
927072
75111
566635
992625
42359
173442
730508
566669
861582
173475
796085
828863
927170
337346
927175
566738
75228
861661
271839
402920
927215
763379
304634
435707
861698
206346
42507
370202
468525
337453
435766
337469
927294
828990
271936
468548
108102
271952
239190
861783
697945
632412
566877
140908
599670
861825
566914
697991
894616
272026
435870
239270
173741
861871
140975
698038
894654
501446
501450
141002
665292
108238
370383
960214
534233
403164
599776
108267
763628
632559
337647
567063
10008
337693
534311
829225
239404
993068
861999
567119
10071
173925
534385
665460
534406
567178
501654
698265
960410
75683
993193
993200
763844
763849
829387
239571
960469
698347
600049
206863
10260
206880
665639
436275
927804
338002
960598
174173
665696
993383
829557
764030
895102
567425
206982
436358
927886
567444
960660
469142
993434
731293
108710
403631
43189
796854
927928
272585
829642
633039
370910
600288
272610
927972
338152
469225
305384
436456
829683
600316
534781
665854
207102
895231
829702
829705
174354
502036
862497
895267
239951
469330
174426
469357
731505
600449
895382
928165
895398
469416
502187
633268
76222
109002
829917
829929
666100
797182
10750
109066
731662
535058
961047
961055
862754
698919
404016
141874
535100
436805
371271
731727
698971
961118
928351
797281
862822
895600
10876
305793
862855
961172
43679
76449
10913
174756
207530
862893
273071
469684
961208
76474
502460
830142
862915
961220
600778
10956
699089
76499
731860
731868
142062
207610
764668
43785
961292
404241
862996
928533
731929
830233
830236
633634
240434
43830
11063
568123
928578
207688
142158
666450
207712
863073
535397
109420
797552
764787
469876
666490
174978
174982
11143
306054
502664
568212
109470
994210
109476
568241
240569
437184
863179
830428
666592
633838
568305
44021
109564
371715
306196
797719
306217
502826
240683
11315
830526
273474
109645
470109
502888
109679
44144
666743
404602
928907
175243
437392
175251
240791
273565
928933
502963
863414
732343
437438
339149
896210
437469
535773
797921
109794
44266
699628
830726
339243
208173
372015
306481
798013
372038
306503
699721
732496
863569
732499
306518
798061
601455
732530
109942
568695
765305
339323
273801
863629
863637
667035
535988
44481
306628
437700
536013
339411
44505
798170
765405
994790
339477
798235
601631
601638
699946
470574
306758
405063
634439
503372
699982
798291
11865
634463
863841
437872
208503
175738
437886
929407
241288
962187
732816
503445
994974
77484
306879
896719
44761
110305
536294
732907
12015
962291
175868
438014
995072
962329
569135
831282
306994
765755
143175
143176
634702
667488
700263
470888
962411
733042
569204
503674
44923
601988
241542
962440
995214
995224
241561
208795
77738
143279
438205
241600
438211
700360
110537
241611
634828
962511
634833
372703
274402
864230
12267
667630
831476
536567
339959
307199
995335
405520
274452
700441
765977
929825
700450
405539
471079
897065
208937
831529
536625
77876
733243
733253
667719
405589
897117
766050
503907
635006
798856
274574
241809
635030
274582
77982
798879
176287
209057
340127
602276
471208
176311
897208
78018
962756
241861
209097
274634
798938
602331
143589
897266
241914
700671
143631
209168
438544
536854
667940
667941
471353
602433
241991
340299
536924
176479
668002
242020
733552
668020
995716
340360
274825
242058
668054
340377
536986
45484
962995
111029
242108
45510
373198
537039
963031
405975
143843
733671
569832
864745
340465
45559
831993
307708
831997
504329
537115
963102
471586
963113
635436
12850
668225
897606
701005
45653
275045
995944
995945
537198
438895
209520
504432
275060
930429
176766
733827
733829
570002
504471
275099
406172
635554
864944
996018
406194
373438
340686
45777
963286
373463
242397
963317
13052
176906
242448
340752
865060
832293
340777
537404
406338
832330
570189
78671
799584
373617
78712
373638
734087
537480
111500
963470
111502
373650
832402
275348
471955
209818
111516
930717
897954
897968
340918
504760
930750
963518
832452
766917
177095
897998
177102
144346
144350
537569
439266
766956
13300
603126
734199
504829
144383
209929
78860
472076
832527
111637
406558
209958
996393
209962
439339
275511
78905
209994
996428
341073
275546
636015
308337
472184
78970
701567
308353
832642
734339
275591
603275
898191
865426
46228
177304
832673
13478
603304
373945
177342
570559
865478
865494
341224
210153
767211
308466
13558
472312
341246
603392
931072
767236
865541
636167
963847
668940
865548
537880
570667
701746
537930
996683
800083
701786
734558
636267
537966
603511
865655
636280
636282
898430
505217
931206
472455
46487
931233
243111
734634
308654
112054
46524
439741
603583
701893
767439
13781
636375
636386
505316
833010
308726
898555
243198
570896
538129
13848
374298
13850
243236
669224
800296
374316
636461
570929
243250
865853
669250
112194
46660
407109
472650
833104
636497
407122
996950
996952
636518
570989
341614
46701
243309
177785
276093
636546
669338
374428
603806
964255
538274
341667
407205
276135
603818
833194
538284
243388
407231
767685
571081
341705
440015
177883
734941
440031
603874
177891
767716
898793
407284
964345
538363
276221
538381
210702
603929
964386
472872
309040
112434
341811
472882
374589
702288
210769
374613
604001
112487
46962
636789
440188
341887
341889
702346
702351
898960
341907
735137
210851
505766
14248
898987
243632
767925
47031
636856
800698
767932
440257
571350
505820
243677
538593
669681
440309
14327
505851
14333
473086
767999
342029
964626
604186
276511
145440
178217
14381
112695
964673
669763
735309
505938
571490
866405
276582
47213
669813
899190
309370
178302
473217
243861
931995
702632
604331
669871
243906
145605
866516
440535
440546
669926
47346
735476
538874
964866
112916
997654
309529
342301
407852
899376
801076
342325
735544
244040
309576
473428
899412
735574
407911
702840
276865
375175
407956
801173
211351
440729
801184
47522
539046
473514
113069
440751
473537
80321
47555
113111
801240
997850
178652
932326
932329
899562
965103
997881
375299
866821
47624
408096
440867
670249
14898
965171
244277
866887
834138
113253
801389
342639
375420
80514
440967
408199
506512
637598
703142
408232
309935
211635
637619
473780
47806
506558
539329
834265
703206
277224
932586
146155
735982
801528
80657
899859
244500
670491
801564
211750
539431
670509
506669
342830
244532
998236
342886
539495
113518
998254
998265
637824
637830
768904
211853
867218
474002
244628
244629
113556
310177
539561
474032
637877
900031
506815
310210
441296
637905
932817
211924
441308
211932
703458
768995
474085
113645
244720
539634
211961
375804
277509
244743
474125
244749
506908
179238
80955
146491
15426
244805
703560
769101
539727
146516
801881
408668
670814
572512
244835
703611
441482
638092
900248
277664
998560
834737
867512
277694
769218
212163
146631
507084
834769
507091
212181
605410
277731
834790
638185
539889
638202
48400
212247
867609
736540
408873
965939
408884
179523
310598
408906
376139
474445
277838
310611
48467
48475
933214
965985
408937
802161
540022
441719
933242
408960
114049
441732
769423
802191
802195
933308
802243
802244
15818
933324
48595
277972
572883
638424
146904
769500
146920
540141
81394
81398
540162
15881
540173
146969
835104
769570
704037
933422
671301
147026
212566
638572
310905
769659
933506
507525
704133
540307
638617
310953
310954
147123
245428
147133
704200
212686
900817
704211
933593
81636
737000
16106
704243
343805
442113
48898
704264
245523
999198
737057
802593
737059
81697
966438
966443
147248
81717
638773
212799
835392
409416
606031
409428
16225
606054
49003
212849
409459
802676
868216
278395
180105
671627
311187
540574
409503
245670
901032
49064
868271
737201
245684
966584
114619
311228
311227
507845
344007
245714
409554
475092
901087
933859
278505
376820
212980
638976
933889
16386
147460
245765
638988
213005
376846
901135
81948
409633
966692
671790
344111
147506
639039
737361
475220
311382
802908
704608
901249
442505
802957
737421
671887
901267
114837
344214
737430
147608
770213
901303
803000
278714
377021
475333
606413
311502
278742
540890
114914
49383
245999
147700
966904
999673
737532
835838
213247
868608
934148
442632
672015
835857
147729
311582
803103
704800
442662
901415
475433
999728
278839
966975
409920
704861
213347
49519
868720
115056
770433
410012
606628
770482
967091
737724
836030
278992
836067
606700
246258
803316
508406
639481
672250
311805
934403
967172
737818
737821
803370
213547
508459
606777
49722
672316
16974
967248
410193
639588
705129
49775
639609
541306
868991
574081
311959
443036
934567
508593
770740
672441
148161
82628
901839
934614
475864
82649
180961
836333
213756
312084
901918
541473
115498
115503
508723
803638
344912
508755
901972
836438
115544
312155
738141
50025
344942
17263
148343
312194
574345
869266
902050
181171
508853
836534
312250
181186
246723
279501
377811
476123
836571
443357
934883
803818
574445
574447
17396
82934
115704
181250
574469
476169
377869
148500
771095
672791
345118
214049
934950
836653
902192
148534
115774
541761
476238
967760
672849
443490
181347
541801
869491
50303
246933
836759
378023
541871
804017
345265
83141
410825
574666
935128
148712
181484
345331
279803
247044
50448
410903
673050
607522
640303
410928
738608
607549
279876
673095
574799
378202
181600
542057
181617
214401
378246
312718
345489
476563
640422
116142
902591
247238
181703
968136
50636
17871
443879
706023
214511
640499
247288
411134
509451
574988
443919
738837
411159
738847
935460
280108
509488
280125
542278
443978
50768
247382
509533
312926
214626
280174
935545
411262
837256
18086
902837
640705
18114
411334
542418
870102
640727
18136
935641
181977
50906
575200
280297
739054
50942
444159
247560
149268
280344
509733
837417
771887
345908
476985
477008
706400
182113
870252
935792
18302
509822
83841
968598
378779
706466
903075
968613
116648
411560
706476
51118
280494
968625
640948
51141
968658
313302
214998
346087
18415
935920
411634
509939
51186
411637
346101
247806
378885
608278
83990
411685
837673
477240
280633
477278
706657
149603
608360
510063
280693
313483
542862
149651
18583
18588
805022
379043
706746
805053
805064
968912
280790
968923
411868
379106
51439
510192
248051
772341
739582
674052
18700
149772
51468
543001
18728
510262
510269
248137
149835
936286
936296
182637
117109
969088
182662
248203
280977
248212
215447
772511
379295
641444
739768
641466
739777
51650
903621
674249
641486
248274
805336
969179
838107
805346
739810
641511
215536
641525
641534
903680
772612
936453
215559
772622
51757
412209
117303
576060
19012
903753
870993
248408
805469
608875
346738
346753
215683
641667
903820
772749
314004
477845
379542
576160
182947
445099
51895
182972
707271
117448
477902
445145
314076
936671
641761
838375
51966
772869
609034
19218
871193
183067
19232
543524
772902
183094
379707
52031
52034
379733
412502
412541
805759
117632
871306
412560
52143
84914
183235
84946
805842
871380
412631
510939
412636
150509
314382
117781
85030
511024
838706
281654
969785
445510
904264
248905
609361
445523
740441
216157
412773
543845
117861
904301
838768
216178
281717
380028
773245
576640
117888
576643
609412
674963
740501
707736
347291
380062
707758
838832
150705
511153
314553
314556
281789
511170
969923
412871
314567
445654
347375
576755
937206
118011
740605
806160
281878
19735
544030
314670
412977
52539
478527
511322
576859
904546
806250
642414
544116
904565
314746
445819
511361
806276
478600
445835
85390
740754
904605
314787
576938
511405
708017
85450
52691
282072
380378
806377
871918
773618
740852
642551
544255
773632
544262
183817
871950
642575
19985
52775
282155
183851
85552
52810
937548
577101
282196
347748
118375
183911
740967
839282
970368
904834
970374
347790
741009
183969
970412
315057
216766
20161
216772
184015
216800
347878
806641
544500
347900
249596
85759
675585
544517
642840
216861
806688
577332
511798
773962
118604
446295
151388
577375
446317
85870
937850
85886
380807
774033
675742
118687
544671
348066
282533
118694
577451
20404
511930
643012
970693
184266
610256
741331
511957
774106
872417
643044
511983
610288
741367
544761
774144
741377
512016
413714
282661
643124
348218
643131
544838
675914
249953
544867
741481
741484
970870
118948
577703
53418
381110
184510
217284
839882
610506
643278
643281
53462
20700
676061
544990
53471
479462
643311
708852
971007
282898
643363
151852
610609
479549
20801
86340
971076
250185
610642
840024
20825
282975
53600
938345
315773
151935
315778
676229
283030
676251
577953
20901
315823
872881
938418
20915
381364
479673
479681
152013
578002
578003
119261
250334
971233
774642
184819
971269
86533
610823
938508
578063
152083
709148
938526
840234
184890
447041
971330
217671
21078
348763
53862
545384
283243
152179
447092
512629
447096
283268
184969
742046
348832
414371
250544
938680
447170
545478
643786
774862
840405
21206
316120
512747
217837
185073
512760
217850
643839
414471
742160
774933
807708
971548
217891
119593
152374
938810
250692
938821
643912
938828
480088
709467
906079
906099
86904
906107
349059
906117
21384
381839
676771
709546
218026
250796
840619
250809
709568
873409
283590
316362
775129
578551
513015
185337
119808
971778
742409
316434
611361
152611
873512
283692
807990
775222
742467
21571
808006
283720
513126
939118
447608
185475
545933
545935
808079
185490
283798
21666
677031
906416
349365
775354
545987
87235
414941
447726
185584
808184
54524
480511
939265
120067
906499
152847
120083
251159
415037
939334
415047
316743
185684
152924
513377
808299
906603
873837
775534
21871
284016
578939
120189
284034
710021
546181
546189
316827
611740
120230
120235
21941
415157
742843
447940
54730
611788
546264
644575
579071
316930
710151
153096
939534
448018
218656
906791
677418
185899
611886
415280
185907
284224
185928
153165
775772
743007
480874
743026
743027
775798
448121
579195
87689
939659
611984
480923
874157
808621
251570
186036
349878
612029
808640
22212
743111
841416
54993
218842
612058
55007
808672
775911
120553
513769
743150
481008
579322
120581
448283
349980
415523
972592
153397
841528
120650
153437
972645
513897
677760
776077
579478
513952
481185
677793
382899
153523
907212
448483
743400
120811
907245
317426
612352
219153
186387
645146
219172
546853
546858
448555
153646
940083
383030
448570
153659
645178
579648
153676
743504
579664
481364
55382
153688
415835
940130
972899
776337
22678
579737
186532
710822
383149
219310
186548
579784
317644
874724
317671
121068
874734
219375
121073
284951
907550
153895
514343
186669
710962
809267
514367
22864
350561
579943
514414
121199
350582
645495
153975
579965
678271
219526
809351
55695
219537
711059
678299
88479
121263
809405
711113
580044
121293
907733
743894
809431
776665
874979
547310
23023
940528
416241
580099
219657
186895
154140
842270
285236
547383
481848
219707
88637
449088
842306
678469
449109
318038
416341
612952
416351
383589
514665
449137
711281
383613
875146
23186
711319
285335
744108
23213
383662
23236
252616
776911
547545
318185
219883
776956
252689
285469
56096
514850
777001
482090
88879
645939
252731
973632
23362
154437
449357
23378
285531
88923
711517
23393
547684
711528
56169
777072
646003
187255
449403
383876
580489
580490
187284
973744
711616
187355
89081
416765
613383
220167
482315
121894
973863
875559
941097
121897
154667
678958
678974
56390
23623
318542
89168
646227
908371
941141
679000
449629
679014
842863
941173
351355
777346
810138
89250
122022
875690
285877
810166
122048
842945
89290
351455
777440
875753
154867
187654
122122
875789
744719
220436
417047
285978
744739
711972
253225
56630
646466
875843
253253
679255
286046
187750
515442
23926
23928
777594
286081
613761
613763
843145
23946
286097
679325
581031
122281
974252
220604
974275
56778
777676
89551
253396
253398
548329
417258
450032
155125
253432
318987
744977
220705
187937
843313
581175
220734
548422
187984
450131
745062
319086
89724
56961
614019
351880
253581
876185
89758
843427
777897
941738
974514
319155
24246
417463
679621
122572
548562
319201
745191
614123
843504
679671
384763
909053
286461
974595
745221
220933
417544
810769
614178
712482
122663
941866
810807
778041
319303
221015
745320
810860
909165
483182
450422
24443
614269
745341
581501
57216
647041
352132
319367
89991
24467
548760
778174
483266
384971
57292
450507
581581
516054
942047
24544
155636
188405
352244
974867
385051
90144
450596
221223
811048
581674
581675
548908
942125
417847
745532
90184
778314
942159
24656
155731
548952
974937
909403
122990
352369
352370
155778
123015
286862
614548
385191
778407
417959
745646
57519
745665
188613
352456
24778
811215
188632
549081
90330
123107
942309
811238
778481
942328
286969
155902
123139
286980
286981
24841
24850
483604
745753
254240
680237
549169
909632
352581
221513
24908
975181
581966
483662
909652
614756
811367
450921
319850
221552
57715
287096
516479
188804
418186
647570
90516
123288
385435
909726
647588
483750
844207
516532
876987
483775
844242
90586
123360
778723
614885
877041
287241
516621
483859
614940
746014
942637
811583
844354
549455
647768
746080
287334
483947
647821
778897
287397
287399
156328
549550
418484
451254
221880
680648
385741
189138
647898
877287
713452
287470
877301
320260
25356
287503
156441
58138
25375
254764
647984
680754
58168
779067
123713
844622
353107
713556
975712
418665
648045
615280
254833
91000
353153
975759
418705
418721
254899
385982
746447
123856
189393
549848
877530
549850
91105
975851
320492
189431
943096
418816
484361
877581
386063
910352
812048
812053
320547
648228
484396
517185
746568
353354
910416
58450
975958
713820
975964
353374
25704
582773
550016
451716
976005
222344
451731
779413
353441
779452
550081
451809
681189
976108
58605
746732
320761
615674
419071
222474
353549
877844
288021
156963
976180
746806
320823
943422
517438
812383
419170
583013
91495
386415
910715
648571
419198
845186
583048
746894
320914
58775
648612
353721
26047
910784
517572
583109
714181
419271
222662
812504
779737
583131
157159
779757
91648
714240
517634
222721
419343
714257
189976
976422
189992
321071
124465
484915
58933
583224
124474
452167
222799
648785
616019
943711
616032
157283
157288
321132
648825
878222
386716
59039
911023
583352
26307
190162
747241
648938
714479
386819
845582
288530
386834
878358
124696
517913
976670
255776
976685
91950
419634
976694
812888
485208
386910
616287
943972
714596
485226
616304
747379
747392
124801
190357
92059
616348
944028
649118
26529
616362
976828
845759
616383
944065
911307
714699
747475
452580
255985
681972
255995
944133
419865
649249
419879
354344
321587
911423
649281
944194
256068
387144
878673
26714
682076
354401
190563
780391
616562
190588
92297
616597
813214
125091
157860
780455
190635
977072
551098
649406
485577
26831
813265
878807
813271
780505
157916
256224
354528
649440
387299
977130
26863
125169
944369
714997
485623
780535
92432
518420
616724
878874
190762
256304
387383
26939
616763
26951
977225
420176
682345
387438
649590
944507
878977
715137
92547
485773
551312
27041
879023
584120
453051
879036
223678
584161
682473
748014
813561
420348
846338
256515
92677
420376
158238
879139
944676
944689
453195
387663
846415
354897
879202
485986
846443
780912
27250
387698
354933
191103
748160
256655
322192
420500
584359
551609
355012
191174
846546
912087
158429
649950
486111
813794
355045
977645
223984
289521
322300
551679
879362
682761
682770
715539
322323
551727
879410
486202
551740
60225
813898
715595
912202
191310
715615
420707
322419
224122
355206
551821
224162
977827
355234
781225
912299
224174
519104
977878
748505
977906
977914
584701
158726
715784
60432
453650
650264
879650
191524
650281
748590
781369
945221
781381
650324
846933
486496
388192
945251
486519
814204
781437
93319
126091
748685
879761
158872
486564
322725
158886
355514
912574
60615
421067
388302
683227
290012
388334
748788
748793
486661
60686
290067
519445
879896
27934
322852
257321
650546
159031
224569
224573
257344
486731
257363
585044
126295
28006
93560
814468
191883
290192
650649
191906
191908
912822
716215
126395
519623
880075
945615
749008
126423
912858
60890
28127
880108
519661
617983
552447
912911
486933
749080
290340
978470
618028
912945
224820
355893
847419
323139
93765
355911
781897
847438
880222
257631
355939
781932
519789
454258
749171
618101
618108
487036
618114
880258
126606
487058
585367
585374
454306
126634
224940
749232
782011
618185
814801
782033
61140
257751
618200
192217
454362
749277
323311
913142
552696
913149
421634
683780
585478
782088
421640
716567
913177
487193
388899
257837
257843
847688
388943
552799
651127
749434
192379
454531
290705
192407
323482
978872
225225
749516
258015
684008
258024
225268
978940
847894
127000
356383
880676
389158
716848
782387
847924
749626
946251
192595
28761
815196
716901
847979
159853
880754
389241
127101
684162
94339
749706
815250
159890
815263
848040
323759
487605
585910
94389
192699
127164
487614
815295
127167
684232
651478
880874
749808
880893
815359
94475
28960
979233
749859
946471
323906
454978
389444
389450
225618
389464
749912
749921
94561
618850
520552
258410
651651
782725
881035
258445
848292
618917
389543
717229
324014
225710
717243
225772
193004
815602
651766
160263
389643
422419
946712
979488
61986
881197
225846
127545
750145
291412
193129
225901
324205
160377
979591
782988
455316
488092
586412
389804
258739
717499
750283
455372
422603
881378
553699
160484
815848
783081
291567
684805
455431
553743
717589
979738
389916
520991
389929
455469
258873
62281
193353
95067
652128
488306
947059
258937
324476
684948
947104
291749
422822
193448
95160
193468
652221
62417
95194
553947
324574
455650
619506
553975
357368
226300
95230
357382
750613
848929
980005
717866
422958
160822
521270
390201
685131
193614
586837
783449
128093
95328
947303
586864
554106
324740
881797
750733
193678
488604
128158
160932
619698
29898
160972
292045
586956
685260
226514
357586
554196
488665
947420
619752
980211
324870
718103
587036
587041
816442
587066
882008
718169
947548
357734
226669
193904
619889
390515
357751
718202
423320
128418
685475
914863
226737
587190
685502
226759
423369
194026
30199
849409
259588
554504
587278
980508
161316
488998
194087
783912
521773
95794
259644
30285
292430
554589
751208
751225
521855
128639
554633
161420
30351
784026
358044
685724
849569
784034
128674
685731
554662
95911
325291
489159
653000
95948
620237
751311
325336
718562
358134
521976
390907
194300
358145
63242
456459
784140
718605
784146
947987
325408
915234
948003
161572
358188
784176
882482
358197
915254
292664
522044
292669
96062
325443
620359
194377
620361
554829
915279
391008
325484
423804
587645
391044
63370
849807
915345
227218
522131
620445
718749
784286
128943
882611
423861
784312
30648
489407
554951
423889
587733
882649
882652
358383
30707
718836
423943
522250
30738
555042
620581
587836
292947
227418
981098
292971
489584
686195
850041
30861
391317
522397
161954
129188
915629
129218
784580
686277
325835
424141
555214
653518
489684
719082
686314
129275
751882
424203
293145
391463
588071
63783
31016
719149
686384
129334
162104
817476
883021
293202
457045
358741
555353
129370
653666
686440
194920
162169
63891
489877
817559
719255
883100
358814
424367
784821
227766
31161
883133
588255
63968
621027
293351
195069
883197
719359
129539
621066
358924
588301
227857
948758
555545
490017
358954
96828
916036
621130
784971
195149
916046
391775
686700
948847
883316
359034
162427
522880
817797
490119
293513
883348
817819
588454
752299
916154
555715
293578
883406
522965
96986
162526
391905
522998
64252
850689
129794
850691
523020
621329
162586
621348
523054
391984
293684
359228
359231
817983
588612
752455
129878
228185
752493
359280
981873
293754
523143
228232
850826
654224
31632
261009
752533
129952
195490
457635
523175
162730
588718
31663
621507
883657
654283
64463
949211
424924
883685
981990
424933
31720
523242
31725
64496
228338
523253
621557
719864
392188
490503
490511
457745
162848
293925
916525
850992
654387
392256
359495
392265
687189
425055
293987
228459
621677
687215
588912
162932
588944
326812
457895
720043
588973
949422
359599
163012
523469
687310
326868
621780
556244
261349
425198
851192
654584
654610
228627
294173
195876
818473
556331
556339
621877
97611
261456
261457
97616
130399
458083
949608
851307
687468
851315
589178
64893
589183
523648
425348
818567
949645
392601
195994
327073
294317
196019
523702
687544
359879
64991
622070
785921
720398
851471
228892
163384
982588
425534
556608
785990
294470
589390
228958
163425
720490
917128
163468
687757
32400
556690
360085
491164
687779
556715
589487
97969
786098
687798
425662
851647
458433
949953
589508
392914
65235
949971
556772
229096
917227
294639
130808
851704
65278
360192
753409
950022
98075
327456
950051
720677
622375
425769
884528
294711
819006
622400
98122
327499
360269
950097
327507
917342
819043
130923
753533
917374
163713
688010
884619
851859
491412
163734
688030
982944
327616
720839
32716
589776
950225
98258
65500
983006
393184
98273
524261
753642
196591
557044
