950272
98311
688135
294922
491531
32783
425999
131089
327697
819220
393239
131099
950300
917536
262176
426017
65571
720932
426028
360497
753717
491577
589882
32835
720971
688203
852048
491606
131159
852056
327768
426074
393306
819290
852057
98399
786527
458854
131176
131178
491626
393325
360558
983150
119
721023
491655
98439
753805
655502
393359
393364
32917
458902
819352
229534
786593
295078
360616
819370
786606
98482
819381
32952
786617
557243
753851
327869
327871
721092
262344
98510
884942
983250
327891
655575
786649
327900
32991
32993
295143
131305
917739
786674
229618
721139
983285
98551
65784
721146
393467
65788
655615
983296
688390
786699
983310
327950
590096
426259
786712
950555
917788
786717
852253
131364
196904
262443
655663
786757
164169
721228
917842
622931
262484
983381
655701
721237
721238
655700
262492
917854
491871
524642
557417
590193
33146
622972
917884
786816
196997
360838
410
950682
360865
754081
197025
623012
459174
983473
950711
164289
688583
885193
197066
950731
197079
885210
885220
885223
786920
754174
918016
754185
918026
66062
819730
328212
197147
33310
229919
131617
197159
66089
459308
262701
688686
492080
819761
623154
590384
229940
688692
459319
568
197181
66117
623178
295505
593
885335
262743
33372
655967
609
688743
262779
230018
623243
656018
819861
656025
98969
819865
262814
33438
164512
787104
918178
524964
524966
459433
66218
262827
492206
688815
131760
885429
361143
230071
66234
459451
656064
590530
197314
787143
328392
131786
885450
557771
721
525009
787163
918236
99037
754396
656096
983776
328419
623331
33510
33512
99049
361196
951020
262901
525051
721663
230143
328451
852741
983818
819979
525068
361231
328465
394002
262934
426782
688928
459552
885536
164644
66347
852784
822
688957
459581
918335
328512
262979
656201
328522
525130
328528
197458
754517
885590
557912
66406
689003
99184
590708
197499
394109
754558
361345
787329
328581
197510
99207
328584
263062
66455
787352
131998
557984
885667
721828
557988
525222
689065
492461
787375
946
983989
99256
590778
99262
962
623558
492488
328657
525269
982
361433
984029
328670
132063
951263
295905
394210
992
525287
328680
230382
787442
164855
66553
951291
558075
66558
951299
197639
164871
689167
164881
590868
263197
853021
230430
427040
295972
754726
99369
820265
66604
328750
525362
1075
689213
132173
197710
558166
99415
623703
164952
230491
394332
230493
328798
99424
689250
590948
787559
656488
459879
984175
623728
885875
787578
132226
492677
99473
492691
984213
656539
165025
427173
591014
459945
132266
33964
99504
754867
591031
689336
1209
427194
328893
263368
165066
951502
754900
427227
165085
328928
558305
296166
885990
820456
66800
886005
394487
328954
918783
34050
886021
722182
623877
918791
132364
623887
460048
230674
296213
525589
328985
591131
66846
132384
558371
296233
492843
394545
886065
329012
591156
623926
296248
34106
165184
558408
787787
1358
918863
427344
230736
99666
427347
623966
820579
132454
820582
787821
165230
263535
1393
656755
165241
984442
689529
165242
755073
1410
99716
525709
165268
34204
656798
165280
66981
427441
394676
787895
329144
689596
558527
361923
787908
853443
263619
460234
361930
591306
263633
493012
820693
755156
591320
722393
984541
656865
394722
656866
755171
361960
558574
886257
787956
165367
624120
886266
755199
755203
329223
263688
1544
656920
886299
787997
427551
919072
788002
460323
329252
296485
296482
689704
591401
198187
853548
755243
460337
886322
525875
984635
689726
165446
820810
427599
624212
67158
984668
886366
951904
394852
788070
919142
755304
886377
165482
1640
722540
591470
591475
886391
788101
394886
362132
853656
329369
525977
329376
820896
820897
886435
165539
624294
493231
493232
755377
100021
427706
263866
329404
132797
460481
526018
1737
198354
984786
296669
198368
100070
755430
493288
558825
165610
493291
722668
919276
820980
984828
853757
493309
853760
460545
755459
853765
624391
329484
952080
526098
165655
493340
132894
689951
362270
100126
591652
165669
329512
460590
198447
231216
132915
886587
788285
296770
264003
853832
919376
886612
362327
952154
427870
296801
690021
919398
460649
788331
624491
427889
165746
853873
755575
460667
919422
395135
657280
1924
952197
296839
264073
133011
558997
395160
264091
559004
984992
657320
67499
67505
526262
559031
133050
755643
690123
2000
264150
133079
362469
526310
526312
755688
853996
985078
690167
198648
821245
854015
296964
821266
395287
133146
854044
296994
493604
755762
34867
67636
985142
67640
755775
460868
2116
985159
493640
854089
231498
395341
559185
133202
2134
854103
591959
100441
755801
657500
886878
559203
329830
493671
690281
788592
886903
985212
821375
657536
559234
592009
985227
559247
362644
329879
34968
952472
362659
460970
886959
985265
329907
755892
34998
460986
460987
395452
329922
886982
952522
2260
985304
461017
821466
198877
592093
788701
887016
788715
428272
788737
428292
133381
919822
461072
821521
723217
952605
919844
821540
756004
985382
493867
198955
461107
952633
362811
133437
330046
854354
362836
35156
231766
133463
985435
362844
100702
264546
199013
67953
625013
690550
559477
67957
559479
788856
690558
625024
264581
362890
67979
133516
362891
362895
67988
231829
756118
231831
35221
297374
690595
428451
199084
100783
100787
2490
68028
920002
395717
526795
723409
723413
330197
985564
887263
330209
68067
887269
395757
559599
756209
887282
68085
362998
362999
952825
920058
395773
395775
526850
985603
625154
461318
461320
166410
690701
68112
723475
199195
35356
690722
330277
35365
2598
330280
461352
68143
330290
559667
264755
2611
494136
68159
952895
133697
395846
723530
35404
100945
789078
166490
330346
756346
395899
985733
199303
723592
854666
428684
2701
35474
101020
297629
821924
494249
527026
133813
920246
953021
232126
953024
887488
756420
690886
133831
559816
723658
723667
756437
395995
920284
723677
953054
35556
789222
396009
330474
199404
527084
2806
625398
953083
494333
592638
396030
330497
920322
822026
68362
658195
789275
592670
461599
2847
101156
559908
658216
756522
690997
428858
297787
166715
985915
428860
658234
756546
101187
887622
494414
297818
101214
133984
822122
527211
559986
428918
854908
953213
428929
691077
822152
789385
330641
297876
691094
986007
494494
297896
199593
396202
363438
166833
134070
723916
166861
363470
560079
330707
199637
691159
592860
789469
723934
297950
265189
658406
953320
953329
35828
429048
199676
265213
625665
461826
35850
855052
789518
986128
232465
756754
560149
429083
855072
953379
625701
461862
527404
396336
756790
298039
68666
658494
298050
789573
855113
920650
986186
101457
363604
789588
429156
887908
920680
265320
363633
167027
953462
330871
855160
855159
68727
3195
298110
232574
560257
920708
330885
789641
199818
953485
658583
953496
986269
199837
199844
298156
199857
36028
265404
429244
789695
232639
68799
986311
527564
199885
527571
265430
462039
396507
560350
68836
724196
855268
3314
527602
396532
953591
625913
134396
199933
3327
560386
789762
953604
953613
232720
3347
265499
3357
429341
625957
527656
822572
167214
331056
724276
3382
527673
101693
232768
691521
167249
363861
134491
101726
429412
232804
232806
36203
68974
953711
462197
920957
134530
658819
134535
36231
593289
626060
757135
494992
691599
69019
200092
986525
265627
69023
560546
953764
495020
691638
953788
462272
429505
757187
855492
822724
495046
757210
429532
986588
691679
888288
822753
724453
855530
593395
658933
986615
691704
855554
69125
36358
101899
232972
3599
921103
3603
658964
626195
265758
953889
69158
757286
527912
822828
167475
495159
233020
331326
429637
265799
888396
167501
953941
396890
3676
36446
101992
986732
724589
364145
691829
790135
659064
986759
659082
200331
3724
757392
265877
954007
921242
36508
691877
429746
593588
265909
36533
36534
790200
3770
822971
298684
954042
888511
495295
921281
200391
659145
560841
429772
397006
3792
36565
331477
167640
134874
855771
560860
790238
298720
102113
429795
3814
921321
69354
102123
921322
298737
823028
134900
528122
986875
823042
69383
790280
3853
790286
462611
429844
790294
69398
3864
69401
397080
462623
888608
757537
954157
921390
888623
397102
757549
528183
69432
888635
429884
855870
954175
102207
397131
692045
495443
692054
462689
331617
659299
200551
167785
266092
921456
823153
692084
561013
331638
462711
462713
331642
36748
36753
233363
561045
429979
135068
724898
528291
692131
36773
397222
855974
757672
888746
233387
331694
495539
561080
888762
921534
757694
331721
528329
626638
200657
987090
987100
921569
135143
954345
135147
593904
167926
36857
626684
921602
331778
430086
888843
430096
233497
790557
462878
397343
790560
331806
757791
954403
823333
561192
135212
528429
430125
135224
69697
462914
528452
593991
462926
135251
299091
921692
725088
659552
659553
987236
331880
659566
4208
102518
954488
659584
102528
233613
135310
299149
299152
168080
168077
987280
954516
135320
757918
299166
233636
69798
4269
266418
528569
659642
692411
823484
823485
659646
823496
102605
102608
397526
37079
659672
299227
594147
692453
692456
4329
364776
430316
889070
168182
37111
626936
790776
102649
200954
168187
561409
299266
594182
692488
725260
987405
725262
299282
594197
594211
135460
299301
954668
4397
725294
528691
889143
332087
889146
364861
528702
692544
332097
659779
561478
37195
758095
790867
37204
921939
561494
135511
201051
594271
725346
921959
430440
201069
692591
266615
528760
561537
987524
856452
37254
758151
70031
37263
528783
233872
889236
659865
790940
168352
725409
266662
4523
299438
987572
397749
233920
987587
4552
463311
692692
790997
135638
299478
463323
70109
496099
954855
758253
37357
791024
102898
397813
791030
528885
627200
397825
692737
889350
561672
823818
659978
659979
463372
135697
102930
856596
135701
692766
594464
430627
856613
102950
660009
725550
299575
496191
823876
627270
823879
561735
299592
168525
496205
823886
365133
463439
692818
168533
168540
234080
135777
660071
103027
823929
955005
299652
463499
201356
463504
234131
430744
234138
856731
463515
922268
299678
266911
201376
168608
791199
725663
627364
135846
168616
299689
791211
692910
660146
496306
332469
430774
37562
725695
4800
135871
889538
594627
103110
201420
37584
594641
987865
70362
889562
987871
496358
103144
463594
135917
430830
430831
627440
430835
889591
791302
889610
332558
4878
955155
496409
365339
299806
856879
856881
299825
987955
725819
955205
922442
136012
4943
758613
758615
299865
693098
856940
889712
529264
594802
168820
955256
430969
168833
889736
299917
988050
201621
594838
660375
267160
234398
103327
693150
267169
136098
37798
5031
299948
988078
529332
332726
660407
496568
627644
136129
988097
660424
955338
627660
5070
365520
168913
103379
562132
136154
103397
70629
431079
300006
562153
791530
234474
758767
562160
693231
988154
234496
37896
37900
758806
103446
988184
431129
103450
857118
627742
791586
562212
562214
758825
136238
5168
627763
332855
267319
463930
660543
726086
234566
234568
889930
103503
234576
496723
922711
300119
693343
300128
922721
889959
398445
103534
136303
791673
300156
70792
660617
70794
496786
234644
660628
922781
791710
431270
988328
169130
824491
464050
234680
234681
922808
660668
267457
5322
431308
660687
660688
890071
922842
759003
398558
38111
955617
791781
562406
365800
333033
267502
38127
562417
595186
726265
333050
70907
136445
922878
267519
890109
398594
693513
595211
103698
824595
562452
922903
464163
955685
955689
791851
234803
922931
824631
333116
70977
202050
595272
398666
333136
267602
759124
38229
595290
660833
496996
300389
628069
628072
595305
922992
464247
38269
5508
333191
791948
988558
136591
759186
136598
365982
71074
464290
267699
890292
202165
693690
955837
202194
431573
202198
398811
333276
562659
464356
955880
562665
464363
726507
103917
333295
300534
595452
136701
431615
988672
529920
890370
300547
398856
235020
824847
923153
38420
71190
235036
759324
431645
726558
628252
103970
824866
923172
169508
693807
202289
562742
661047
267836
923198
497219
759365
661064
857675
136786
562771
235092
530008
890461
661087
595560
923241
956010
333418
464493
300654
267887
38513
595571
693878
431735
5753
300665
890491
104057
890493
628353
890504
661131
726668
824973
562828
628372
431770
628379
693921
759458
497316
956072
300713
825003
530101
792250
399035
693952
661196
300752
38617
825056
235237
890613
825078
562937
595707
956157
235261
333566
399105
956162
988929
136964
562949
399111
464649
726793
628494
366351
726800
726803
988949
562965
5911
562967
464672
71457
5925
562983
661289
235307
104238
399150
726833
202545
399155
497461
857917
104257
464708
5960
104266
464722
661337
628570
333662
890724
235365
104293
956267
825197
38768
431985
71536
857976
792441
563066
300927
235395
595844
792455
857992
497547
300943
792464
989080
694171
6046
300961
497569
563108
71589
923558
628647
890790
628649
432042
890792
464814
956336
169905
661446
858056
71624
759754
399307
759752
268240
628688
366546
71641
6111
694239
989158
399342
366577
923634
956408
6137
727036
71676
792574
989182
694270
923646
169988
661509
628741
432135
923656
694277
890895
104463
104466
137235
104468
530453
399384
792602
989213
628772
792612
301094
825390
956463
727100
661571
727109
563283
792660
6228
104535
39010
39013
923749
497771
170094
497774
858229
825464
596097
235657
137356
858253
202892
301202
563350
71831
465049
6300
6302
727200
301219
694437
333994
628907
366764
759980
923823
891059
334005
71870
268480
760007
71881
334032
366802
334039
334041
366816
39137
694498
301282
202979
563433
202988
334061
104689
858354
628980
661753
334080
170242
137477
203014
661773
923922
203028
760084
334106
792862
497952
694561
432418
301355
170286
497967
956721
694583
956728
432439
792901
563528
366924
137563
301404
694620
334174
760159
39266
235878
989542
825703
137577
956778
760173
137582
465265
530804
858497
498052
661894
989577
989581
170381
694675
727445
825754
661919
72097
629154
661925
334249
498096
563635
924084
596405
530867
498101
465347
170441
629202
727509
399829
891355
399847
432616
694763
39409
367095
629240
596474
236034
104969
629258
956942
956946
170514
170519
924190
301600
432672
72227
596516
104998
727590
530988
334381
268848
825908
989752
170559
563777
760388
498248
662089
825934
170577
957013
105046
334424
563801
563808
72291
465509
334438
465510
989800
367208
170597
301675
301678
203377
989810
399993
105083
662144
924291
989839
662165
957086
72352
891559
400044
236207
72370
727732
858805
367287
694968
957115
465596
563904
39617
694979
596676
6853
72392
727757
137934
891613
531168
498402
989926
891636
137973
695031
891643
105212
137980
989954
105219
662277
334598
236296
39697
695061
891670
727829
662296
170781
858909
793375
858917
400166
891686
498473
695083
301869
662319
760625
6966
6970
170811
334655
695103
629567
138050
891715
531269
760646
957255
269128
531271
465747
269140
629601
170851
39779
236390
924521
301931
564079
662386
596851
269170
990069
924534
760693
400244
957304
367482
433015
138102
400253
301950
39807
72574
826246
400265
170891
695189
7061
564125
203679
695223
236472
400314
727995
924607
334783
465858
400328
433098
957388
400334
859087
695247
170960
924626
957396
564184
170979
728040
302059
924652
564205
236528
7153
105459
564213
7158
203768
400381
859142
793606
498697
465936
171024
597010
662551
302104
924698
793629
498719
859171
826407
433200
826418
728121
891965
72767
334921
105548
629838
662612
793695
629855
892001
793703
957560
72825
302202
7290
334970
793722
433282
40067
924802
957580
629902
203919
105619
72852
105620
892058
302238
728224
367776
662689
40100
859306
564397
695470
826543
990383
629944
531642
72893
531646
859330
662726
335047
171206
367817
203977
335054
40143
269518
138451
72916
859350
728281
236762
105691
105690
171230
597215
72932
859373
597230
597233
302325
990454
564470
564477
793857
400642
171269
40198
7432
793865
105742
335119
498961
269587
564502
498966
761118
302367
924966
498983
138541
498991
367921
433458
957751
695607
597314
892227
892231
499017
40267
204109
630095
761176
826713
892248
793953
138600
793960
793965
335214
728430
662900
335221
73076
171387
335229
269695
728451
138632
73098
335245
105873
171411
105881
990618
269729
564643
826792
433579
73139
499125
990647
269752
990651
171452
925121
630210
171458
990663
859597
957902
466383
499150
269787
269788
40418
925168
302576
597489
269810
400886
302585
368122
368136
7701
466474
433707
925233
302658
138821
237129
335434
73301
597589
892503
433758
433759
368227
532067
433763
892519
892524
237165
368237
269946
335485
630399
368255
73347
695941
269963
663185
728723
269973
597659
630428
794269
302760
990889
892587
794286
827056
106167
892604
368316
466622
302783
499397
728782
401102
499408
138959
302808
794331
990939
138973
728797
827109
237286
106213
532198
302826
663276
728813
925422
204527
958191
794353
171767
564986
597756
827143
532231
466698
7947
761612
106252
139022
335631
106261
794390
565020
237347
728874
335664
335667
368436
696121
565052
761661
565053
302913
892738
40777
204623
859993
434009
73574
335719
532328
991081
171885
237424
794480
532345
434042
728955
892794
532349
663423
892800
368515
794500
696197
565124
860035
892811
434061
499600
565151
728992
106402
401315
991143
204715
892843
139179
827313
729014
8121
303034
597947
696254
761791
237504
40900
466888
794569
466892
466896
925649
499669
368602
958428
40925
40929
172008
892905
237551
729072
663536
368627
630773
794615
335867
401405
827389
991231
335871
696321
892929
565253
139269
663557
204810
106516
106523
466971
761889
729125
532520
73768
335918
368687
139312
499766
827448
204871
237641
860236
335950
139343
106578
794707
794708
8279
729192
368748
630897
532597
172160
41093
893061
467079
893066
532623
434328
303260
172196
893092
630950
499876
303273
696492
237743
106673
139444
368822
893111
729276
467133
991423
925890
73930
336077
663760
696529
73940
598229
532697
467164
270558
237793
925923
106728
303338
958699
139502
893166
794867
172276
925940
794869
303352
8448
205057
925953
401664
925957
958726
467207
73992
336139
663820
74001
74003
663833
172313
958747
434460
336166
467241
336170
500010
467246
8495
991547
860478
434501
663886
41296
205136
237906
565588
762200
827736
565598
991583
893290
663921
860536
434555
598397
303492
565645
172434
532886
958880
500128
434597
336300
41397
303541
369078
205241
467385
270784
238018
139719
598472
270793
74188
958929
434643
762326
893399
205272
336368
303610
336383
598538
729613
958990
631311
74258
565779
107028
729628
762402
172580
74277
8745
336426
926252
827949
696877
434737
500275
565817
729657
991810
631364
107078
401991
959048
991816
926283
369231
139855
533075
795226
860763
238178
598628
828007
8807
795241
696936
828024
139897
434809
467582
991872
926336
303751
828044
139916
369298
8851
467604
664213
696982
41621
959132
860830
631455
74402
271011
467618
205478
860839
828073
336560
41656
467643
467645
860863
926401
271043
172743
991947
500428
926416
500435
860885
303831
991959
107223
369379
8934
271080
74473
8938
271083
140016
172785
107259
697089
729860
172804
140036
926471
140037
271114
992010
271116
795407
467728
598802
172820
598808
992025
8984
205602
172837
893735
467758
41777
566067
107315
992054
140087
205622
107321
631609
467774
697155
9031
172871
959305
926537
795470
435023
664400
533330
500566
729942
697185
533347
861032
500587
893810
172917
271222
664437
729977
697210
74619
172925
926594
467843
729989
762765
271248
598937
9114
205723
41898
861098
336821
795575
41914
631743
926661
140229
893894
304072
369610
992210
173013
992215
304090
435166
304095
992228
959461
926696
795632
959476
697333
140278
140279
533497
402426
533498
173057
566285
533518
9229
926734
402453
893976
795676
730141
467996
140319
107552
9252
828455
697385
271402
959531
74800
533553
533559
861242
435260
435261
205884
631872
205889
369732
238662
402504
730185
533576
238667
500814
926799
107599
74834
435282
992342
238681
173156
664676
468074
369772
992369
107633
533632
173188
337029
271492
173192
435341
107662
140429
500881
959633
533654
926871
369818
9372
238750
664735
730276
205988
533670
402601
763052
664748
861357
763057
468145
337074
206004
992438
533689
763075
664779
664782
468174
992468
632020
304345
173275
402661
173291
304364
894190
304368
140532
795898
533756
271616
730383
402706
206116
468264
501034
402732
566573
533812
501049
533820
763199
435520
304449
337221
140615
566601
42325
992597
402778
796006
599404
271725
370029
828785
861554
763251
140663
304505
370046
501120
173445
992645
140690
796050
140695
730523
239004
861599
468385
402850
566690
828836
894369
959915
370092
402864
501168
75188
173496
370105
763324
959935
894402
239045
435657
927178
435659
828877
271822
927185
861650
796115
501202
9687
861655
697818
992733
599518
337375
468448
271841
697826
697827
370142
468450
337377
140775
402927
370160
828913
140785
108027
730619
9728
304643
9737
239113
435723
206348
173581
435727
468500
370197
42516
271896
763422
632355
730663
304685
730670
632370
861748
468534
173624
206405
599622
960075
927315
239188
468569
239204
796262
140906
140910
763506
304758
403063
239224
796284
534143
763523
566918
140937
468624
992912
272020
960162
501415
304810
861873
861876
403125
304823
108217
501434
534204
894654
370371
370374
272075
370384
468695
501463
698076
42717
730854
665322
435952
861936
468723
861940
927476
829174
173820
42749
665343
75532
796430
861969
370453
829208
730905
599835
829212
829222
960296
665385
75560
567084
10030
894769
960310
42807
829240
796474
501564
894781
534334
173889
141125
632647
239432
796489
10059
993110
239451
403295
862050
436068
960357
436070
10086
42861
927598
501618
10099
534386
337781
173946
731004
141182
927616
796549
862086
173963
141196
993166
829331
567189
993174
173978
927644
567207
599984
42932
141246
206785
534470
239562
731082
272333
272334
403409
731094
468952
370652
698332
42979
403430
862183
337899
894957
960493
862193
862195
567285
894966
436215
993279
796678
567305
960522
632843
43019
763916
632847
600081
469011
174102
206872
927770
993307
796705
960550
829481
534571
534574
960561
862269
960574
960575
927805
501831
567371
174158
305233
862296
206939
993373
960606
75870
272478
534626
141411
370786
469091
600170
764022
960634
600186
960640
829575
272526
665743
829594
75933
272545
567461
698534
403623
829616
829619
501945
207035
633019
600262
698570
927947
534731
43218
665821
764132
338157
862452
796920
141570
10501
567557
502027
567565
600338
108818
600345
305434
174368
567589
862509
370992
436529
731443
305464
43323
239934
600383
436545
633156
305477
239944
534859
108877
829773
862546
469330
960853
76128
960867
895332
403813
141668
829796
207215
469365
338293
305527
665977
338298
895358
76158
174464
928133
10632
797069
731536
764306
43412
305559
928152
502171
895387
403877
567718
567723
436652
928174
108977
960947
666037
993722
207291
666049
731585
862658
960969
993737
305617
502226
436693
109018
371163
960988
731611
338399
698847
797153
10722
600549
10731
43501
928240
207344
600563
764404
928244
469496
731641
76282
305657
338430
436736
207361
338433
436740
502278
272906
305686
698904
469533
469536
535077
141862
43557
240170
535084
862768
10801
961074
43572
174648
371257
731707
272963
764484
764486
567884
764497
43603
76373
797269
10839
469591
338527
207471
567922
109172
502389
764538
928384
338565
273030
371333
404108
338573
10896
961168
699027
469652
305814
240284
764573
174754
699046
174759
141992
371368
731816
862893
371374
371376
469683
76468
43700
469686
43702
109248
371393
797378
404165
469703
207571
666327
273116
174814
436960
469730
797412
273128
469741
142062
502510
109305
11002
862975
338689
862981
994054
731909
928529
273169
666389
43799
961305
895770
174875
273180
600859
371486
895775
797475
666408
797481
76586
600876
830259
109373
142150
928586
174926
994135
895832
568151
404317
797534
207722
633706
994155
174957
437100
732016
371572
895864
797560
306052
502660
43914
928657
76689
568209
863126
600984
568221
502687
109473
797603
76708
994212
895910
469927
928684
240559
601007
863156
240565
109493
764855
338877
142274
764870
338887
469961
601034
928713
11217
175058
306134
961495
535518
895969
666595
633828
928740
994281
764911
535537
633842
895987
535540
633844
207864
371707
273405
11262
764928
666628
633861
502789
240648
175114
961549
44046
732175
502801
732179
535571
928789
502811
732188
338973
961566
404508
863265
502821
896038
142375
830507
568366
338995
601140
994358
470070
764982
175168
666691
568394
830554
142427
699486
633962
207978
142444
896111
765045
732282
797819
863357
470143
601224
896137
240776
11406
273550
568465
896145
76949
175254
830621
273567
797856
765090
502955
11436
76976
11441
404664
765114
109758
371903
240834
765123
994501
470217
437454
994514
109780
666837
306389
470229
765144
306393
601307
404703
765152
732385
863459
863462
535784
732393
699627
601325
44272
142576
765170
273648
503027
404726
470263
142584
273658
44284
699648
994561
371980
535821
306447
961811
535832
404760
765210
863515
470306
175397
306472
863528
863530
77101
339252
634166
798010
372035
437571
601419
961868
11595
765262
929106
666964
994650
798043
666975
77151
666983
11624
601461
306550
830842
929147
470396
568701
273792
77184
994690
667011
339329
372104
601503
175529
273834
863659
765356
601525
699833
77243
798141
175553
634307
634310
536007
961999
568785
634322
11730
142804
44505
339419
339420
175581
11743
568805
896490
503276
929260
962031
11759
896498
306681
77307
830972
437756
77313
765446
503304
667147
994828
634380
470544
863762
372245
798230
470551
44569
372250
77339
929310
732702
110113
470562
929315
405028
110118
142893
831023
110132
503349
241210
110141
372286
470595
601668
405061
732742
699975
273993
44618
339535
503379
241248
536162
274019
962152
274025
241260
503407
831088
700018
405106
11892
929411
274052
896647
962184
142983
568970
405127
634513
470675
896662
732823
568985
241311
241312
634530
437927
798375
929449
896686
732846
339632
667314
765619
994996
601782
962233
995006
798399
732870
569033
306894
929492
634586
634590
831205
241383
306920
863980
208623
438006
536313
995066
470783
470789
405256
601871
995088
896789
77593
241435
77597
372511
143136
962339
143142
405292
732973
536368
470834
536374
143159
12090
700219
634686
77630
470856
569163
634699
995148
929622
601943
208727
307033
634712
470874
307039
864096
503649
44897
143203
208743
12138
12141
470901
962428
634752
241536
470914
143234
438153
307087
143249
143256
372634
438171
798618
405406
962463
372641
77732
438200
503738
602043
962492
929724
143293
569277
569285
962501
602054
667592
339913
536522
176075
208844
405454
536526
176085
667609
372700
438237
962526
700383
241635
634862
536562
569338
995323
110587
962558
143364
110597
602118
471049
897035
569356
831501
471053
45070
12316
569374
274463
667680
667695
569399
831544
503864
176184
569404
405564
45124
12359
962640
372823
733273
438361
12379
995429
110694
372844
831598
634991
602224
766064
77942
897144
438404
274565
307345
602258
110739
635032
962721
766114
45217
733348
77992
372904
536745
307369
995503
962736
209075
110780
700606
602306
340171
45267
12504
962780
438496
176353
241888
438498
45287
635118
930040
602361
471293
864515
176391
45324
798989
78095
176402
78101
241943
930072
45337
241951
78115
733481
733488
700720
602425
307514
831807
700736
602434
176450
241990
241994
602443
667979
405839
995668
274776
340313
45401
405855
831839
995683
504165
438632
12649
897386
569714
209266
668019
45432
700795
274813
668047
307600
274834
864661
373142
78230
12696
962967
930203
209315
930228
12728
569787
209339
995773
307646
569791
831942
45514
700876
635345
733652
831957
45525
307673
733666
930277
963052
635375
340475
45564
78343
45575
340489
504336
799253
406043
504348
569884
897564
438818
963107
209448
668201
242219
143917
864820
12858
995904
45633
504388
537157
537162
504397
406093
537168
143953
963159
143961
307807
340578
602728
602730
45676
406125
635504
12919
602745
78459
406146
144012
275086
602767
406163
111261
668322
733859
930471
504488
733865
78509
209590
307896
438971
242367
471743
242372
144070
635591
963270
832199
111308
307917
307918
471764
471765
602838
340695
864983
13017
668377
864987
209634
307944
668393
373489
832246
209666
701189
799499
209682
308002
570150
45862
570155
602927
897841
111414
78650
897851
111421
78656
537412
504646
766795
111450
275291
570206
602975
996192
78690
930661
996199
799596
930673
865138
865139
209781
701307
275330
439173
570247
570249
144274
832413
406438
570281
603056
439220
13237
177077
242619
242622
471999
209863
832462
930774
865239
996311
111577
472026
308192
111590
799723
46062
832495
898036
13302
963575
635896
46082
635908
472069
766982
865287
111625
439308
111628
930830
865295
930831
111633
865298
734227
734234
46107
242717
996381
701471
341029
78894
472112
799796
832567
341048
898105
603194
504890
865338
537671
13383
504904
701527
832602
767067
603230
373856
373859
439400
78953
636013
111731
996468
439412
242811
963719
46218
603274
898190
78996
177300
832663
668827
799899
930973
242854
668843
930994
570556
767164
177344
570563
636102
996568
177368
111834
242907
865504
341219
505061
13545
832748
865525
636153
341241
898303
898304
800008
374024
963850
800015
734480
963859
865562
865574
472361
931114
505131
767278
46382
570673
603447
603449
865595
963900
46397
767297
472391
374090
439627
701773
701775
374095
636239
636242
79189
210261
210265
243045
800102
79208
341355
996719
734578
603507
865653
898422
767351
636287
669055
963967
669066
439690
210321
996756
472471
439707
636318
13727
800158
112034
570787
13731
570792
865706
177588
669109
406969
46526
570815
210370
79299
472520
636362
406986
865741
472526
144849
996819
505302
144857
669145
79327
669152
964064
505312
275938
767465
407022
505330
177650
701941
46596
505348
79366
669191
538118
243214
734738
603676
931358
276006
701994
636460
46639
702000
898608
833080
996921
996924
996931
79428
210501
964170
112204
472656
669267
767575
177752
767581
79467
800365
800368
505465
308863
996992
800384
177795
800397
931477
931479
210587
571035
243357
767645
669343
833193
177836
571061
931511
833207
79546
800446
538303
177857
538306
308929
636611
571084
46798
243408
472797
571101
46816
636641
472805
177900
931565
374511
46837
341752
177913
177916
767740
276228
309005
964366
734996
112405
472854
309014
898840
636700
309038
538423
800570
636732
112448
177984
898885
374605
309074
603986
997206
735067
800610
79715
472946
14196
145273
866171
407421
702333
210815
669568
243587
636809
931727
505752
538523
407458
571299
341931
407468
276401
47026
604090
702397
112576
14272
47040
800707
440256
210882
309188
899010
833483
571346
145374
276447
210920
47084
702448
210930
407539
407540
145397
702464
276486
79881
768010
14349
178191
636943
899095
833560
47134
931871
440353
47139
243750
669735
735271
997421
276527
800822
604214
79930
473160
768075
833611
440398
211024
538707
473183
440418
47203
768103
604268
964718
276590
178287
211060
604281
47226
112762
14459
637054
735359
80007
866440
899213
276623
506001
145556
342166
276631
637085
735390
932005
14501
407723
145581
178350
571568
374961
178355
932020
768182
80056
506049
14530
899267
276678
997576
80073
309451
899279
735444
309462
309466
964829
637150
80099
506092
833772
866542
178417
211185
735476
866554
702721
211202
80130
899332
407815
211209
342286
702735
866589
112927
47393
801057
801061
244007
342318
735537
407858
80188
670012
964924
801087
702781
932163
801104
407888
964947
833887
670048
604520
801130
276843
113005
342386
932210
211318
702840
670073
866681
997754
637311
604546
473476
735621
178575
342422
244123
244124
866717
407966
637339
342434
801189
113065
407978
276911
801203
80308
47543
244151
506297
47550
408003
244164
276931
211401
506318
309711
670165
145879
80343
670167
47581
145887
735712
539105
178659
637412
899560
801257
768491
637422
211438
539118
539121
834032
539123
965112
440828
768512
178690
834053
342543
539154
14867
80405
506390
539168
637473
670247
178744
539193
277053
997952
440898
604738
571994
899680
899695
47735
440953
342655
965261
703119
277141
801432
506525
440990
277155
998052
670373
801446
506534
211631
342705
834236
309950
408262
637639
801479
932551
15054
211663
80592
47824
834257
342741
178902
572119
932575
735967
277218
899810
178918
801510
539368
637682
146164
375549
244479
670466
178947
899845
277256
244489
342799
572177
80659
670484
539413
277272
15135
47912
539440
637747
375606
146232
604986
834363
277308
473919
867138
703299
834371
768837
801607
834379
572242
506707
211794
408405
572248
506714
47962
605018
801631
80735
473954
605026
80742
932715
736110
736115
179063
768890
834426
768893
375681
899971
867204
211851
801680
703378
605076
506775
572316
932766
277410
277411
48036
834469
211878
441254
703395
736169
965547
703404
998319
703412
703418
244679
179143
375755
408525
15310
146383
48080
80852
998357
80854
637911
637912
768988
113629
310242
900070
605158
506860
113645
834555
900099
539651
113670
80903
211976
867335
670732
637966
343054
211984
310289
343060
15381
769045
572439
769048
769051
113695
801824
932902
736297
408620
310316
736304
900145
736306
638004
539701
670779
769090
506947
867398
932935
670793
506958
703573
605274
506971
801886
965731
408680
998505
703594
310382
769139
113781
998527
507011
212106
310412
539798
736406
81054
736416
605346
310435
834731
638123
834733
244910
933042
572606
81086
605376
933064
146636
507086
146646
113879
441558
310489
703707
310498
670959
802034
441588
769269
736504
638203
146687
343298
408838
539915
736525
933135
48402
343316
179478
900385
408870
736555
605484
736556
310575
769328
146736
933173
736565
998712
539961
376122
539960
703811
572741
671050
572747
539981
179535
703825
802130
736596
212316
539997
48477
15713
408931
572773
179565
933230
933229
179569
343412
671095
146808
834941
81277
540031
998784
966014
376198
114056
998799
114065
408982
310683
736676
81318
802217
933298
441780
933301
835003
867776
114112
802240
179651
867778
146886
376270
966099
179677
572895
867808
540129
48612
146917
671204
703976
441833
540138
703983
867825
212471
114172
245245
48645
114185
900619
474637
998929
736791
867864
704030
900642
507430
376359
507432
671272
900652
507436
343599
998959
474673
638529
736839
966219
638542
147025
114258
867922
343642
704091
343647
671330
736867
147051
376427
310894
147059
736895
966276
147077
999047
540303
638611
540313
769690
310942
704159
638623
48799
376484
212650
900780
245422
409273
212675
245445
343751
769735
376522
48843
114385
671442
48854
802521
966363
179934
540387
802533
769771
671468
179949
999149
409333
81654
966390
212725
245503
802561
343818
671502
835353
278298
900902
671526
737067
835379
114484
376633
474939
212796
769855
376640
704321
245571
835404
507732
48982
737114
933723
343923
49020
81798
638858
802708
901015
507805
212897
409525
835513
507836
540607
409536
311233
245701
81864
606154
933834
376783
802780
966624
475105
376803
868324
114665
671724
770028
475124
868341
245750
311291
999422
737282
868355
737285
442376
671759
868372
147477
213016
868376
835619
81958
311338
737328
180274
114742
671799
442422
737340
376896
802888
49227
344140
868428
311374
507984
180305
999507
180309
507992
966749
245855
999525
213094
868453
475242
704618
344173
606318
737406
344195
49284
540804
770182
344202
835724
49293
704655
671888
508051
409755
704671
901281
606370
540846
82095
16564
245940
901304
344252
606400
180419
704711
114889
377036
671956
803035
213213
770270
442590
49379
901351
49384
901355
999660
246006
934135
180474
966909
999677
803071
901375
49408
901395
82197
999705
704799
82209
82211
344357
835884
540974
803120
475446
934201
213314
901444
16711
377159
147787
82256
16729
115034
999776
934242
16738
246120
541033
82285
508276
737653
475512
213376
180617
737674
82317
409999
967059
672148
180633
246173
836000
246179
737700
377254
704939
147888
672178
16834
737732
377285
213444
213454
967119
377295
573905
999890
803279
639440
82391
213463
246232
442845
442847
672224
246242
377317
672230
967148
16876
279025
803317
737782
442869
737784
344569
213498
49658
246271
967174
737799
115208
377353
672266
999947
377356
901645
803340
541196
836115
246293
541210
344604
16926
836131
606755
16933
410155
442929
803378
836152
377403
803388
672317
410171
934462
442944
311868
967235
49733
705095
606795
82509
934484
606807
344664
737884
672349
279134
279137
82532
901732
705128
410218
344687
967279
377459
311927
148092
770685
17032
475787
213646
180880
49814
705174
967326
17063
967336
639655
836266
49837
606897
410291
672437
443064
213689
803513
17085
508607
82627
705222
803527
377544
934603
639694
869070
246481
541394
410321
705237
115416
639705
148189
574174
705249
148196
770802
377597
541441
475908
213768
836364
213773
148240
82705
738070
606999
213785
475930
377636
344873
901935
475964
541504
213826
344899
967492
344902
148299
639824
770899
574296
17246
705383
901992
508777
869225
934763
836460
443246
213873
377715
148347
705404
639873
770958
344981
443286
377751
738201
770969
705439
541605
705447
443303
738218
770989
672698
148419
312259
508874
115659
246731
279505
738258
934866
705493
443351
771032
771033
345049
705498
148444
705502
213983
508911
902127
443379
672758
50168
279550
771072
345088
377858
508938
148495
508956
377888
476195
17446
82991
17456
410672
115762
50226
82996
869426
574522
738363
934973
967745
246851
115782
17479
541768
443471
640080
509011
181333
902233
50267
574563
541798
509032
509033
50281
312429
935024
738422
83065
181373
509058
541836
574605
967824
246929
17564
17577
115888
345265
115891
574644
967864
115900
443583
17603
607428
607429
967880
378064
804053
148698
509147
345309
312544
279781
574695
312565
345334
607478
345337
771332
541961
443658
967948
869651
967956
214305
607523
247078
214310
378155
640301
673070
279857
836916
312630
542012
345405
574782
902461
17733
345418
673098
378207
279905
410978
705893
836966
443751
607609
476540
247166
673154
869766
804233
607643
935330
214436
279973
968101
837035
705967
148913
50617
968121
705980
935361
181697
673221
280005
771528
280014
181711
902609
771540
181716
411098
181722
345565
542175
738789
280039
214526
706054
509454
542223
17939
116248
968216
443931
673312
411170
771620
968229
443948
542252
869936
17969
280113
902709
869946
181822
280127
935488
214594
640581
869958
476743
935504
509521
542291
640595
18005
640598
673363
247387
247398
542310
149101
837229
247407
837232
18034
345720
771704
18047
968322
116357
509573
345735
378506
50833
476824
214686
18082
280229
214694
50858
575147
378544
116402
50868
313012
116406
575159
444090
607932
607939
968393
968397
280270
607953
280275
18135
181976
739038
247520
247521
542434
870114
247534
182001
18166
509688
902906
607997
280318
739073
280322
575247
83731
902931
378646
50966
935707
378652
902943
509729
706338
706339
935715
542501
902966
280374
149302
837439
116548
214853
280391
837449
771913
444235
149327
935763
673620
214867
771923
345947
378717
313189
903013
739179
477037
542585
608123
477059
575367
542608
214938
706459
116635
771994
968607
346019
18340
935845
903078
608166
968616
83883
378805
640951
18359
542648
509883
182206
706498
346053
83914
149452
18380
968654
149453
411598
870353
313298
968670
772064
739297
640994
280547
149477
903141
18429
444414
411649
51205
215046
837637
772102
804873
935946
411661
313367
542743
51225
247834
804887
706591
116769
968743
84011
739373
706611
870456
706616
215098
411713
84035
772165
477260
739406
247887
346193
444499
280661
313430
378980
444517
84070
673898
641136
477297
182395
772220
804990
379008
51329
575619
837765
608390
903308
575630
805012
444566
739478
346265
673946
510106
379037
903326
247967
149669
641192
837802
18605
379061
903354
510139
477371
51386
772291
280773
837839
51411
575701
739545
379098
968933
51435
936171
575726
215280
411891
280819
903413
84223
149761
739586
936198
936200
936203
84236
280851
674068
903446
903447
51480
837912
936217
149787
477467
149788
936225
837925
215338
706872
149818
215354
444741
346438
313671
772433
84306
379220
510295
608600
477533
739681
149858
837989
510309
510310
84331
903534
510319
903539
18812
117118
379265
870788
215430
280969
117134
772496
84376
280985
739738
444828
182688
706977
215460
838053
674213
84391
739753
903600
182707
543166
936382
215489
641474
936385
346569
772554
510411
772561
18901
281046
969176
805337
149985
84452
281061
805358
674288
543231
674304
117249
772612
936457
838160
870928
739858
379415
674328
215595
281134
510512
674352
444979
707129
674364
412224
674372
445000
576072
346698
346712
805465
543323
936540
805467
936544
871009
674403
608868
608877
707193
346747
674429
346750
707200
903814
805512
84617
150156
969360
903825
314003
510627
19114
182961
772785
412339
281268
248501
772791
510652
215740
477888
510660
84676
182983
576202
150220
215756
805589
150231
608987
510683
150245
51944
346862
805616
805617
150257
51953
576241
51957
543479
740089
51963
674557
117501
936702
576259
805636
969477
379654
740101
543495
281347
379652
805645
314127
346896
740114
150296
838425
215837
576286
871204
903976
609071
674610
969523
379700
314164
150326
674616
609085
445246
379711
576320
412481
871234
543553
19269
314183
707404
740173
412497
674641
19283
183127
576344
740185
674652
510818
150371
576360
379759
314226
84854
19318
576376
478078
871296
379776
183173
674694
904071
445336
183193
969627
84893
871329
740260
117668
347047
641960
674731
641966
936882
52159
19392
150465
609216
641987
936907
773068
216013
674768
347090
19410
52194
510954
904172
52209
510962
609275
281596
871419
969727
412672
445444
216068
609286
85001
248843
904211
183331
642089
969772
937009
85048
674875
85058
969795
478276
379973
445510
576582
576583
478281
937034
379978
85067
445519
609366
412761
216153
117852
576607
511074
347235
543848
871529
576618
674929
412795
969851
937090
576644
216197
216198
642183
445573
642188
740493
969869
937103
314514
117911
314521
19611
412829
969887
511136
543903
117925
707751
838827
969901
838831
150703
249011
445621
281783
150711
52410
707779
412868
806085
740574
969954
216301
904433
52466
118003
347380
249076
85239
707844
544008
707849
609546
576779
52495
216338
642323
445719
675098
249116
478494
871714
806184
576809
412969
707887
904495
314673
806191
707897
576833
544068
511300
871755
249169
380244
609633
904553
150892
740716
249204
544116
806262
314744
413052
380285
52610
871813
183689
740747
216460
478606
347538
216468
609690
380315
806300
445857
52642
904611
445859
85413
150951
52655
85427
708019
642488
642497
609729
347593
478666
380365
314829
52688
839126
839129
52698
478682
708061
413153
576996
151013
708073
216560
577033
445961
380426
85518
773647
839185
708119
85531
347677
970269
708129
904743
871975
839213
511536
511537
511542
511543
380474
478780
314940
871997
970303
249409
904772
446031
511568
708178
642647
413276
478818
577124
413285
183913
380521
609899
52847
675440
511600
642675
282230
773754
118396
446082
872081
282259
839321
577186
839330
577188
347816
282280
675497
773800
380601
741053
609990
184007
741066
315085
773839
642767
610003
380628
118483
577239
773848
773849
85730
773859
675560
184046
118513
52981
872185
184059
380672
741124
773893
347913
85772
708369
806675
347929
806682
184093
511782
708391
741163
216876
577326
610095
184111
20272
53042
216883
937780
806711
577340
577345
216903
216904
937803
315214
380750
380754
937814
20319
675680
937834
348012
151405
511854
53101
675696
905074
970611
380791
806783
872320
937859
380811
85901
872342
151455
774052
184230
741287
282549
970683
413634
348100
970692
53190
85965
511950
446417
380883
511956
544725
643030
348125
511965
282592
774114
479203
774123
413683
413691
348156
53246
151552
839686
774150
151560
315403
348174
512026
53277
413725
774183
577578
741419
217131
610350
20531
446518
249910
806974
249920
774218
20554
708684
315467
315468
577619
512092
282718
413796
118885
741481
249964
249971
610423
446584
53369
774268
807045
479370
315532
675984
250006
250018
807077
446630
479399
774312
839848
20656
807096
184510
774340
938181
217289
282826
381131
610508
676045
250062
413905
151762
774364
381149
872672
643304
86249
905453
938221
282865
446706
479475
217332
774391
512248
676089
872698
315643
381184
20740
545028
807182
184591
610576
381200
381201
413969
446741
938264
971033
512283
381216
938274
184611
250151
119084
381228
774447
446768
86322
971059
20797
151870
971071
807230
446781
282942
20809
250185
643408
545109
774490
840026
577889
512358
708969
151926
676215
577913
151933
348545
807299
610693
741765
479623
119178
20875
446858
217482
250254
610704
938384
20883
414112
545189
414124
676271
479663
20919
446905
283074
709064
20937
315850
971217
315858
250327
86493
446942
545249
152034
53733
479725
86509
774642
217586
86519
53752
217594
152067
217604
119300
610821
971271
250382
807445
152087
479767
971288
545306
512538
348700
938525
315937
479789
512558
348720
512566
807481
840258
971331
119366
578119
217675
447058
709208
676450
807524
905831
840298
873072
414322
610936
184961
873091
414342
545419
938639
53904
774801
86674
21141
21157
152231
316072
578222
283318
512696
545469
217790
971456
873155
283337
479950
152271
479953
283352
479963
676574
742111
545504
611044
807654
807655
119532
807663
676592
86773
873205
971511
807672
611063
905979
774909
709376
480010
840460
119572
611092
348957
611101
414494
840481
316195
545574
873255
611112
480041
381738
643885
480050
217906
348979
742198
840504
86840
742203
840508
283452
250690
119627
480083
185178
512863
217952
480097
840551
250727
480110
217969
316275
21366
250742
283512
54138
414589
611200
447362
86914
676738
512906
250766
54161
578453
86933
938903
873374
86945
578467
545699
250792
742315
873401
283580
218045
283582
250817
480199
775112
938953
938963
218068
86998
250839
512984
807900
709598
807905
349157
512998
480231
938986
545770
447466
775157
447481
971770
775173
152587
54285
447504
283668
54297
906266
775195
21531
21534
971810
906276
283685
54309
644138
939055
283696
447542
447547
152637
709698
414791
971855
676944
21585
808019
21587
742490
185436
545885
971872
808036
119914
840811
775277
480366
808050
939125
250998
775286
742527
87169
775300
119943
513160
971912
906378
349325
775312
316564
971925
644248
87210
316589
677039
873649
251057
21681
414900
447668
185527
382137
709818
709817
742588
677055
382146
808131
808139
578765
120015
873679
578768
120017
414930
480477
808158
480479
939229
382177
873702
21738
840938
120045
906480
546035
677115
152828
677117
611584
873737
513295
414992
546066
218392
185629
251170
808227
709930
677167
578864
120112
873778
808249
185658
218431
939328
480575
939331
415050
513355
316746
775504
382289
21842
349524
54614
742746
349534
120158
709989
709994
644461
939377
480627
611702
710011
546171
54654
152962
611717
841093
513420
513421
611725
185743
415124
447893
382359
251290
972187
906651
316837
480678
906668
87469
251309
710063
579002
120253
153022
775616
808385
382401
382403
873923
611776
185799
579018
316875
677337
382425
218590
382431
873952
153059
218596
972262
349674
906732
579054
873966
218612
742900
710135
906743
644601
841213
906758
873995
120336
841234
87571
808466
448024
611868
251425
448035
808486
480809
153132
677427
218681
349755
448067
448071
579146
54862
513616
349776
939603
415316
480851
513626
54879
480864
677473
87650
939616
185956
317027
808550
611946
841323
939632
54898
579189
349822
22151
251530
546447
415377
480915
415387
186013
251558
22183
448168
841385
710326
251578
644801
710340
251593
775892
513749
939735
415447
87767
546522
22234
87774
480995
22246
382696
218869
743160
55033
874234
775931
218873
743172
251653
612101
939787
710412
907027
22293
841494
612119
939801
874270
153375
120608
481056
22306
808741
907054
415536
808756
710453
350007
251705
382780
448323
55107
939846
153421
87885
612175
677712
612176
907098
87900
743261
743263
874346
382831
612215
415608
972668
448383
546691
481159
120713
841611
907153
808853
317338
415643
219034
513948
153502
481183
186272
284577
55205
317351
219051
677812
972724
546745
22457
55225
415676
88006
448456
841680
645075
612308
972764
808927
546784
317415
284652
808943
808946
382966
88056
120825
284673
579586
808965
546823
284680
776201
612360
55310
284687
219156
579606
120861
317472
448545
940068
940070
383015
383018
383026
153659
219196
153670
120903
186441
776270
677967
710736
350291
743510
677977
546905
677979
284764
317534
645215
481378
350309
579692
153716
579701
88180
743545
415868
710782
645250
284804
645253
940170
284818
612501
55448
252060
907420
22699
940205
219312
383152
317618
448688
710833
22713
121020
415933
317635
284868
710868
874708
350424
874717
645343
940256
186591
22765
88301
940273
907507
284921
874746
252153
874754
121092
416005
153864
907531
350475
121109
317718
612645
88369
907570
350513
809266
350521
481599
809282
153923
776517
88389
842058
219469
317777
219476
121173
940374
350552
55641
153945
448859
22875
711003
776543
776556
416108
252274
481655
252280
711034
940415
645508
842119
776603
350622
252335
350640
317876
383430
448972
711116
154063
448986
55771
973285
121317
252398
711151
743919
711159
809464
907769
842241
645634
645635
449028
350723
121357
514573
580111
776720
350742
711194
23066
416291
678437
973350
449063
907817
973355
842284
285237
416309
842295
318029
350800
547410
481882
809563
285274
547424
350820
776811
612978
88693
612982
88694
449143
907899
645759
875138
776839
88719
645783
449177
842394
907940
580266
416432
514736
940722
940723
154294
219832
121529
121530
613052
449219
121540
875204
350916
940746
875219
350933
88793
875237
416487
842477
350959
678640
416504
187140
285447
187143
383757
154382
645906
809757
842525
547617
23335
842537
449322
613165
940845
187185
875316
842549
318262
88886
23354
154429
940864
416582
482126
744271
187218
908115
154457
711513
613211
285533
744286
809827
449380
514917
88936
121712
154483
187253
744320
482177
744325
875405
842645
252825
678813
711584
252832
449447
908201
678826
547755
711596
285612
547759
940980
285623
187344
154577
449492
547797
56284
154589
646110
908255
875490
318435
121833
121839
383984
744435
809977
285692
547845
842759
56334
908304
187409
23570
646161
56340
384017
121884
449565
89118
89119
416804
777253
973860
580647
973862
121898
678958
941105
416818
220214
220224
711745
810055
973896
547911
449619
285790
384102
711782
23655
416873
711784
89190
842862
646254
875631
547959
842883
547971
941193
23706
842906
810146
285860
908452
548005
23721
253114
875707
646336
318657
875720
122057
416970
449736
285906
253140
253142
220376
875736
842970
416987
449754
974047
580832
711906
318692
613606
875753
56553
908523
744683
253165
417007
679151
548083
810228
842995
908531
220411
482557
810237
187645
23810
122116
711941
941319
23820
777489
187665
810263
220443
56604
154918
843046
89387
580908
56621
449841
122162
482611
23863
941374
646465
908611
23881
253258
515411
187733
613720
974169
89437
122207
384358
810344
744808
56680
548206
580974
810355
712052
548214
154998
777595
56700
515458
875906
384389
646535
613771
23947
417165
449934
187792
777622
679318
875930
613786
318882
974250
974258
515508
187829
56758
187831
679356
286152
351690
56787
548311
744920
351703
974298
515550
220639
810469
843237
679402
253419
843242
482797
56813
974315
318964
810487
286200
155143
581129
876044
908812
581138
187923
155159
646682
450080
482849
155170
941602
777761
220710
613930
679470
843316
450102
187959
613942
450107
679483
253500
876092
89666
941636
89671
712268
450128
745049
908900
56932
941672
941680
548466
581238
450167
712314
941691
908934
89738
515729
286355
941718
220823
581273
24222
24233
745136
712377
515771
24256
548545
515776
679624
24266
712395
122575
89807
450262
777945
417500
646878
188126
286432
515823
581363
548596
777974
974583
384763
188155
679683
777989
548613
679687
188171
548621
778003
384789
876312
548634
450332
909097
57134
220978
614194
581429
352065
810818
745283
909124
778064
417617
483153
974675
122709
548695
155481
909146
647006
647014
843624
778089
286569
941929
155502
57199
712560
483185
647027
24437
57206
909176
24441
384899
745351
548753
745365
679829
188311
712602
384925
90016
516001
450465
450467
450468
647072
843691
810930
122803
679861
352187
253891
286662
614344
581577
155594
745421
679893
286678
843737
483291
843740
843745
286694
221159
57318
483306
647146
581614
352238
385008
581620
450554
679932
679933
24574
450558
122888
974858
876566
778265
516124
450589
811039
450592
778272
122929
122931
876597
712761
254016
811077
319558
155718
614473
614476
778316
745551
843856
319569
483410
745555
417879
417886
843875
778340
188518
843880
352362
843883
712811
581748
385143
417912
221303
876669
778367
123011
647301
417928
123017
581769
155786
909455
745616
483479
123033
843930
909467
614570
123054
549040
778427
942268
221377
975043
680136
188623
942289
942290
286929
57556
843992
647385
647386
57564
549085
745694
811232
418017
745696
680162
188645
57573
614637
581872
418032
581878
614649
385276
123136
286981
450822
844041
647433
123147
385295
57624
155929
123162
57627
483609
549149
90397
287009
844065
483624
352552
647465
24887
942395
418110
647488
844098
713032
516425
287053
811344
844115
811350
352600
155996
680285
778594
811364
418149
90469
123237
844145
614771
778612
745845
123263
647551
156034
745859
549251
614789
713094
319877
156048
287122
647571
418200
90521
811417
844195
713134
844209
188849
319924
876982
287160
582072
123322
614847
123332
352716
877004
352719
582095
254419
549337
713181
483807
844266
549355
418296
483834
451077
90631
451086
123407
385553
975380
188952
647707
156193
680492
549422
713262
385584
582203
647740
516670
549445
287304
909904
844384
418402
680546
352872
451176
57964
680568
25208
385657
352891
352895
582272
25221
746117
123534
189077
385688
352921
516763
909982
123556
516772
713384
221872
58039
615099
90813
615104
221891
254662
451273
221902
910037
516823
418520
877282
353000
25326
484081
418547
189176
221949
516878
353041
189206
942870
647961
25380
975656
713514
779051
25393
25394
582452
549694
811841
222021
942918
648011
353104
680786
942931
942932
451413
353111
779096
844633
189273
615266
189283
123747
123748
320362
451445
582526
648070
353160
222091
680846
549777
123793
287641
746395
877472
680865
222120
877483
877484
222124
123822
779188
353204
549814
779190
451512
877502
746433
877511
713674
582603
484300
517066
975827
254933
353241
156639
418783
287716
287718
123884
549869
517102
877553
582644
943093
418807
484351
549888
25601
582658
156676
386052
713733
877583
910360
517151
353313
549930
255018
844844
287799
123966
713794
222276
713799
451656
156752
844892
353373
25692
386143
58463
549984
353378
353387
517227
582767
517236
58487
615543
779388
484478
615556
713861
582790
550021
910471
943237
648334
386193
615571
812180
189589
255126
779414
386200
844952
25754
156827
287893
91297
943269
582826
189613
222382
844975
976049
713913
877754
976060
517308
156863
877766
681159
976072
812240
648402
812242
812253
222430
320739
517348
517354
582893
484589
910584
877826
320772
124166
124167
58632
419082
484619
648460
713999
353551
845073
255250
615705
386333
25886
517413
910636
746798
714032
976177
681266
714035
517427
484663
189752
845118
877886
812356
517445
353604
320836
255305
58700
25937
877906
222553
451931
812383
746847
845156
386404
812390
517487
550257
812402
615797
746870
353659
255358
222592
484741
877958
288136
583049
976266
320906
779658
550302
91551
288163
58791
124329
746922
877998
222646
681403
189887
419266
615875
976338
681430
615905
26082
517608
878064
353777
746997
714233
615937
222727
484879
157200
615953
189970
976406
157209
583205
615977
550461
583233
747075
910924
124495
58969
190047
517728
452194
779876
845428
288373
484984
59011
353927
878215
681608
845450
353932
222866
353938
878229
419484
59043
59047
550570
747179
485036
157357
255663
255666
779961
878267
681664
485058
878276
157382
812750
419535
714447
190160
878289
288463
878292
354007
419544
255704
747230
812771
747236
321253
648931
91877
452328
583397
583411
190207
452363
943883
747277
911121
190231
681751
91930
714530
911139
845606
91959
26427
747334
943947
747341
845646
583505
26455
91993
59227
321377
124769
943979
321388
649068
223084
845676
812920
223100
485246
550787
550792
911241
911242
190347
190348
616332
321426
878483
911256
616345
681882
92064
26531
976806
845737
518058
944042
878508
386989
845740
911281
616370
92085
878517
976824
387003
583611
26557
845768
780233
26570
190409
354251
485328
747475
59355
223201
813028
92133
59370
321519
583664
747503
419826
26612
157684
354295
681983
321537
550916
485382
616459
157711
911377
583699
124947
878621
92195
321580
976944
26674
747573
387129
288826
485435
976955
256061
911431
747595
387147
780367
845908
944215
321625
419930
845922
26724
125032
452717
780399
190583
157825
452738
813188
944264
452749
288915
747671
190619
616604
518299
387231
190636
321708
845999
616624
354480
780473
682173
59589
420040
846025
714953
354519
190681
518362
747740
190685
157928
616681
846058
26865
747763
944372
813308
59649
59654
551176
125195
583952
649488
190740
420118
190746
551198
26914
911654
289066
321836
715056
551217
944434
387384
813370
977213
256318
813382
485703
59724
158033
584025
387420
682333
26976
944480
59746
223587
944484
944485
452966
92519
125286
223590
321899
387440
387444
518517
321914
256380
452992
321921
846209
59777
158081
518536
911753
453001
256392
92556
223630
223632
387484
125340
879007
190880
354728
551339
27052
584107
911790
551344
649648
715188
649652
977334
321976
649663
27073
944580
747976
682441
584142
715214
649680
354769
289240
158169
158168
387547
485857
944613
223728
748017
453106
649718
682487
420347
584192
420353
911877
27142
846344
846346
879120
518673
125458
322075
59934
191008
846372
551460
584232
682538
256555
387628
879159
27195
453182
715332
420423
715343
617042
191064
191068
256605
256609
420450
60004
256612
92774
420466
60020
518782
387712
617098
649872
125584
813716
322196
780952
551576
322208
682661
387753
289463
846529
453314
486085
289479
387784
453321
912075
518860
977614
781007
256723
879317
879322
912090
813788
944861
60131
944873
92916
715509
322294
92919
879348
518905
617210
879353
420608
781057
486144
912136
289545
781066
355086
453392
453399
322331
355099
420638
453413
256806
92968
158504
518954
453423
387887
158513
879408
486205
191294
486208
748356
846663
453447
912204
879441
486228
813910
813911
846680
748383
682849
93028
93031
748405
93051
945031
650120
715658
289679
551827
322455
388007
355247
814003
912314
584635
977855
715715
60356
60363
125903
748496
715729
191442
256977
486357
289751
650200
519135
519140
814055
584679
814056
977899
814063
519152
224243
453620
519159
322554
322563
453636
355341
388110
650256
322582
617503
158752
322594
158755
60459
125999
486451
355380
388156
60479
683072
126017
748612
650309
289868
355406
27728
617552
617556
289883
584801
289890
322665
846957
978037
683125
650357
191608
420999
584840
650377
879753
322697
781452
978065
552082
93329
322708
879771
388254
126111
224416
519326
650403
191658
355502
617651
847039
748735
191682
158914
27845
978126
552144
322774
715991
617690
93403
27868
945373
847069
355551
650462
224481
584932
519397
322793
290031
486648
748792
781564
617725
355595
584971
650521
126234
93477
552234
585004
945454
224563
388405
847161
617789
585028
814405
322885
388421
257353
552269
847183
421203
978260
912723
191831
781659
716124
224603
27999
388448
60768
486763
552301
879983
748911
355697
552312
28031
912768
388484
93575
28041
617870
617871
355728
552343
421275
421282
486819
28068
814503
650667
945582
880046
290229
60857
519611
519617
585154
159171
814532
355780
847303
978376
716236
617937
519635
650709
749015
323041
486883
60901
552428
191982
716280
912896
781838
978447
421396
28181
519701
290330
683546
519708
355871
28193
880174
421427
126516
323128
847417
847419
978492
60998
847432
683592
781899
454222
224849
978525
781920
421482
61036
388717
847475
487028
880246
683639
683644
159365
126601
159371
552588
781965
749199
716432
61073
781971
945815
945821
28318
781986
552611
126628
257730
61125
192198
126667
454348
356057
782042
814812
487137
421603
749293
782062
257778
93939
257799
618249
814859
782095
880400
913169
323346
225045
978710
257816
323353
290585
388891
28443
126752
61223
552748
192302
814897
159540
94006
28470
618305
782148
323398
552775
192327
618311
192331
683853
585551
290640
814927
421713
814938
847717
552806
159590
585577
126829
257908
356213
257909
225147
847740
257917
716669
782207
126849
585611
847757
192397
618383
946064
683920
520080
520084
946072
651176
421803
421824
716741
290760
552904
94154
716754
782292
421845
552921
880602
815072
520164
552932
225255
782312
749548
159728
126961
28657
618484
913397
225271
192510
880638
585728
94215
946183
28679
323594
94218
815124
389144
127005
913440
487457
782370
192552
520235
356400
356401
553010
94259
323634
520252
618556
684094
618558
28742
979015
520265
716875
487503
520271
28752
782419
94292
684118
979038
389217
880741
815209
290926
618608
979058
684146
225396
323705
258169
815227
684156
520327
61577
290957
585870
127119
946321
651411
356501
651413
979093
454817
749735
848041
61610
684204
979117
913582
225456
389299
28859
422078
716991
61631
553154
28869
258249
684233
848078
618703
323790
258254
159952
291045
946406
684264
94441
749805
323826
913652
487668
880891
651519
684288
520450
258313
782607
356627
389397
356630
192794
979232
651558
880941
356657
356662
61765
946502
880966
815433
422218
192841
487760
323922
684373
127322
94557
94563
913771
356723
127348
881011
356726
127347
29048
422266
586108
618880
684418
160136
913801
618890
782732
258445
651665
881043
979347
913811
979351
586138
815536
881073
913841
848308
815541
684469
750005
586173
61887
913867
717262
61903
192982
225751
553430
291286
422371
487909
225767
684524
258545
979443
651765
258550
553466
193019
29183
160258
717315
455173
487942
946696
881160
291338
356874
487948
324109
29200
127510
389656
619037
913950
651814
586279
684586
520748
717363
225845
487991
651847
193099
717392
160344
127580
815710
782944
979556
389734
553574
291432
258667
684653
946801
651894
815736
619131
750205
389761
881290
357003
160396
389772
750225
225945
422553
160415
881311
357031
324264
225963
750259
553651
946872
29370
258750
62148
225992
29391
553686
946905
651994
586462
520931
553702
291561
652014
783091
62198
619255
881408
324361
520971
226060
750348
291601
160535
717591
455457
881443
422693
783143
619307
750379
127789
193324
95024
750387
947005
815934
947006
422720
750401
95037
193345
947008
357191
914250
258895
29520
455504
619349
160598
848727
291670
455513
29532
488286
226145
586594
881513
947057
160633
619392
717696
357251
291716
684933
979846
291719
816007
783247
979858
750483
947098
848796
521117
521123
979883
521141
291769
553914
226235
455621
881608
160713
914380
160719
914390
127959
521176
881624
291813
62439
291817
160746
816110
259054
717814
914426
390139
553984
455683
160772
390149
947206
979977
619530
848912
193565
783390
29725
455717
750629
259111
95272
193581
95278
652333
521267
291896
226366
652350
848969
160845
750669
160850
422995
980052
95323
521311
717925
259174
128106
980075
914541
849011
455807
488578
849033
226445
324753
586899
324759
521371
193693
488606
750752
914599
390311
816295
390324
652472
292025
423098
160956
226496
62659
521414
914630
685256
62675
521427
881880
29919
881888
881889
292067
914672
455925
849148
849149
292093
685318
849158
718091
390413
783629
29966
95505
128276
161046
62746
783643
324894
95519
226595
914725
554282
95539
193843
128312
783673
259387
914752
881990
881993
423242
488782
30038
324959
292192
816481
849249
193891
980324
652643
619880
30059
783725
357743
914802
226678
914818
521607
128394
652684
980368
390545
62866
816532
849302
980386
423331
259492
947621
62885
325031
980392
456108
259501
783799
357820
423359
849351
685513
30153
751051
718298
194011
751076
194024
685547
259570
816631
259577
488960
456197
456201
587274
685585
390675
914964
751126
226839
292377
30236
423454
325157
357927
652840
292394
587308
652845
914994
849462
423486
685633
390722
587336
783945
816719
980561
882260
980566
620125
554592
259682
325218
194152
783996
423556
390790
63114
95891
292502
980631
849561
751257
390812
63133
423584
423586
194211
161448
554664
915114
292545
227013
980679
652999
194257
390865
882387
325331
947924
980694
653016
620248
63194
915164
620256
95970
915178
30453
292600
325371
620289
685828
390921
751369
227084
784143
816915
816917
653080
784153
227098
816929
849699
128803
653091
784167
30517
653110
456503
259895
882489
522042
685882
161597
292669
259907
522052
718662
915277
948045
227149
259919
718673
63311
784211
685909
882521
554842
358234
325471
489322
391019
784236
259950
587635
751476
685942
423801
358266
423804
423807
817026
718724
882567
423820
161677
882574
980880
685975
423833
751522
227241
915373
817071
358322
30651
882622
456639
653247
620484
391114
849872
423890
915413
292822
358357
128988
96224
63463
980967
456694
522232
555002
686076
358397
30717
587774
882689
260101
915464
718859
620559
96272
849942
882710
981018
63515
849948
686107
129054
63519
555039
161825
292898
391208
817196
948270
784434
555059
522293
63542
456762
292922
161852
653372
718914
227397
751686
882760
555089
522330
325723
63582
587880
981097
620654
817263
915566
96371
358515
751735
489597
882814
325759
161920
620674
96392
325769
129164
227471
981137
817300
161949
96414
620703
489639
817323
63665
653496
358587
63676
817353
456906
555214
850128
489681
162003
555221
424156
784605
522467
391397
456933
719079
588008
620778
981226
882926
850163
882933
620791
555257
588027
555261
260355
63750
194823
358663
456966
293129
129291
522507
293133
260366
129289
653587
817428
882970
227612
719133
358696
620844
686382
686386
915768
555320
424251
260412
784702
653632
751941
63813
391497
293194
227664
588120
948574
391522
489827
391533
522607
293233
129397
424310
522618
162180
588172
620950
719255
424344
752026
63900
391581
752034
522665
227754
457135
752052
63928
457147
63935
686528
719299
391620
588229
588234
457163
162251
555466
686538
96714
719317
326103
227808
850408
588273
457207
391675
31228
424443
31235
981508
424466
31252
293398
457241
686627
686632
64040
653871
490033
424501
883265
653892
195141
588357
195147
850510
752207
424528
916052
227925
424549
391785
981615
981617
293493
588406
522872
260730
260734
326273
162449
522902
227990
850585
719514
883356
96925
588447
916128
785059
719527
653996
195244
162478
457401
96955
228027
228029
293565
686781
850624
588479
588482
916164
457419
64205
359120
457427
260820
916182
293592
96985
228058
31466
588523
588525
883439
326387
64244
752376
162552
195327
916224
228099
883461
817925
293637
129802
817932
195344
883475
359188
555798
293654
981782
785177
64287
31520
260911
588592
785204
326456
785209
31548
228159
523072
850757
654150
654151
719688
523082
883540
686934
850776
686946
654178
162665
64363
490350
785262
457584
818041
523133
686979
31620
883593
293777
490391
162711
916379
424862
195486
261024
981920
752546
228255
457631
850857
359339
719804
654269
981957
621514
883660
621516
228302
228305
687058
392148
523236
490472
719851
556013
850926
97262
556018
293879
523258
654331
687107
556041
588811
818192
588826
883738
130076
424990
261152
31777
228387
982054
162855
621611
654380
719924
64571
588863
916544
228416
359494
293962
97356
719953
97373
588902
359530
31850
293997
228462
588910
949363
719989
162935
228491
982156
523404
621709
97428
195735
130201
654489
31897
97440
654496
654506
359599
556208
883888
588975
359600
720049
720064
720069
687302
621768
654538
130252
130254
457935
556241
589010
326874
785627
720093
228577
851169
851171
523492
589037
654574
818415
949488
261362
883954
654580
818423
261370
359682
130308
916750
64784
589078
752921
359706
130337
621857
982306
294181
589097
163114
32043
949546
425266
851252
752951
589116
884031
785729
195908
130375
654666
916811
327002
523618
32099
163173
556398
818544
818545
687474
32114
327033
294274
982404
785799
720278
916886
64930
261542
753067
261551
589231
327090
916917
392629
949687
753083
64957
622023
884167
523722
32204
720344
228825
359899
785885
458209
196069
228837
196072
654824
490992
490993
654836
720378
458235
32257
654849
622088
589323
753163
97805
687628
884240
359955
425492
785941
65047
392729
261668
884261
32295
556586
556593
556596
622133
130615
458296
228931
917061
622153
261707
130643
130645
163418
917085
720484
65126
130665
196209
360054
884345
360068
917129
523914
818831
523919
622224
65176
294554
818844
622236
229023
982688
720546
655010
949923
229029
97958
327340
196268
32432
425649
163505
491189
786108
949954
491205
327367
360135
523976
97995
425680
98004
589526
491222
491228
556768
982754
98020
98023
65257
524011
655085
32495
556789
327415
130809
589565
917246
687878
950024
425739
327438
327445
425753
687900
753438
884512
622368
65316
622376
458537
360236
655148
458543
491314
622386
458553
98115
917325
98127
327505
458587
491355
917341
917342
884576
819042
65385
720758
556921
720773
327558
458630
294800
950161
622482
458649
524191
130975
98212
556965
589733
556968
720811
327604
65460
360377
851898
131004
360382
327618
851910
851917
884686
688081
32723
65499
884702
688100
720870
131046
851942
557035
622576
196598
622583
720892
