169
190
352
637
864
1054
1056
1212
1250
1440
1539
1578
1630
1884
2004
2088
2124
2409
2456
2510
2800
2842
2939
3148
3206
3253
3311
3520
3589
3789
3798
3848
3931
3960
4016
4066
4070
4084
4156
4199
4290
4343
4364
4451
4496
4549
4666
4678
4685
4692
4861
4911
5258
5643
5790
5855
5875
6013
6021
6114
6200
6325
6370
6390
6416
6504
6538
6742
6763
6810
6828
6911
6976
7063
7169
7185
7332
7510
7511
7975
8023
8119
8159
8756
8758
8813
8885
8961
9035
9185
9220
9232
9431
9505
9530
9648
9682
9787
9885
9980
10235
10272
10479
10497
10648
10689
11292
11297
11303
11304
11430
11438
11453
11680
11945
11950
12134
12335
12420
12498
12558
12714
12782
12833
13226
13299
13497
13593
13662
13725
13952
14108
14123
14373
14403
14945
14963
14974
15171
15223
15245
15269
15330
15379
15469
15534
15563
16145
16214
16374
16427
16544
16579
16687
16806
16809
16840
16849
16874
16952
17122
17140
17180
17238
17267
17279
17454
17486
17785
17790
17796
17939
18085
18195
18200
18205
18208
18265
18280
18359
18364
18619
18751
18813
18922
18997
19060
19093
19486
19553
19922
19948
19997
20050
20214
20378
20631
20686
20690
20782
20808
20985
21137
21171
21213
21617
21641
21747
21864
21879
22365
22411
22671
22697
22729
22744
23084
23220
23255
23342
23383
23509
23512
23578
23788
23944
24036
24139
24155
24364
24399
24407
24497
24508
24703
24808
24839
24903
24968
25020
25308
25331
25587
25589
25660
25769
25912
26261
26427
26501
26508
26707
26867
27072
27133
27164
27334
27440
27510
27699
27775
27870
27881
27987
28077
28145
28254
28313
28413
28453
28469
28574
28596
28638
28762
28964
28966
28992
29032
29110
29269
29342
29459
29490
29491
29512
29529
29577
29612
29635
29647
29895
29990
30056
30173
30226
30269
30295
30483
30558
30694
30878
31099
31182
31448
31839
31888
32255
32752
32991
33023
33037
33106
33125
33608
33747
33778
33823
33950
34180
34343
34427
34430
34448
34539
34593
34786
34982
35291
35398
35533
35565
35867
35889
35923
36011
36217
36266
36267
36370
36467
36625
36828
36898
36917
36935
37090
37226
37298
37354
37380
37427
37510
37655
37745
37897
37905
37959
38046
38195
38213
38309
38314
38526
38838
39031
39172
39272
39317
39380
39496
39504
39573
39703
39756
39823
39968
40254
40336
40711
40743
40744
40782
40957
41330
41442
41567
41579
41679
41800
41819
41914
42129
42167
42365
42611
42811
42873
42882
42897
42979
43023
43028
43407
43481
43633
43709
43738
44025
44136
44228
44317
44410
44452
44514
44516
44633
44713
44793
44998
45007
45133
45205
45272
45275
45288
45426
45437
45511
45582
45716
45875
45912
46011
46055
46083
46095
46112
46153
46281
46284
46343
46525
46552
46778
47004
47020
47142
47287
47366
47564
47609
47729
47783
48006
48423
48446
48462
48524
48530
48594
48602
48869
48923
48982
49004
49112
49131
49180
49314
49317
49482
49523
49531
49609
49658
49736
49748
49862
50073
50191
50265
50360
50374
50573
50761
50816
50857
50897
50976
50993
51098
51159
51288
51307
51354
51429
51452
51504
51654
52013
52035
52103
52455
52540
52587
52725
52845
52922
53197
53445
53574
53612
53656
53671
53804
53836
54050
54224
54304
54385
54497
54519
54524
54542
54615
54743
54765
54821
54958
55063
55248
55281
55335
55485
55646
55807
55827
55992
56094
56112
56140
56158
56204
56269
56351
56397
56531
56559
56568
56582
57095
57107
57118
57205
57375
57530
57663
57680
57804
57873
57879
57908
57953
58119
58178
58201
58215
58463
58547
58876
58953
59155
59406
59636
59666
59802
59873
59879
59975
59978
60045
60101
60135
60209
60234
60239
60454
60526
60623
60817
60819
60880
61051
61147
61430
61470
61587
61602
61895
61913
62010
62144
62150
62181
62215
62229
62282
62547
62578
62597
62642
62756
62869
62991
63083
63310
63628
63809
63870
63894
63920
64062
64229
64251
64307
64352
64502
64617
64730
64765
64793
64949
65017
65039
65161
65277
65365
65425
65457
65539
65656
65744
65778
65882
65986
66264
66273
66355
66410
66527
66576
66651
66688
66783
66846
66886
67178
67190
67474
67552
67680
67702
67733
67741
67742
67916
67987
68004
68100
68107
68197
68296
68717
68724
68760
68857
68907
68932
69169
69195
69217
69304
69324
69400
69486
69504
69587
69623
69641
69700
69756
69929
69948
69967
70066
70123
70230
70249
70301
70327
70348
70362
70477
70551
70583
70732
70764
70889
71106
71226
71292
71423
71773
71831
71865
72256
72281
72376
72546
72809
72976
73353
73604
73660
74047
74174
74243
74321
74363
74371
74639
74795
74797
75045
75071
75187
75344
75362
75389
75482
75523
75543
75676
75753
75855
75905
75999
76052
76191
76266
76289
76572
76619
76711
76826
76857
76894
77173
77419
77500
77550
77697
77724
77836
78100
78127
78186
78243
78296
78343
78401
78469
78485
78508
78619
78679
78680
78898
79156
79239
79250
79253
79325
79436
79452
79518
79523
79527
79668
79744
79796
79963
80222
80286
80321
80328
80426
80504
80813
80829
80871
80912
80987
81134
81183
81320
81524
81537
81699
81723
81849
81924
81979
82137
82169
82409
82424
82457
82838
82890
83102
83143
83379
83649
83769
83794
83880
84018
84033
84118
84229
84336
84473
84675
84750
84756
84818
85008
85068
85109
85116
85164
85215
85287
85328
85644
85715
85762
85971
86080
86355
86370
86560
86614
86689
86738
86842
86948
87108
87115
87362
87628
87832
87854
87917
87977
87987
88024
88062
88086
88240
88404
88641
88793
88867
88992
89079
89222
89224
89231
89533
89553
89894
89968
90048
90059
90106
90107
90162
90354
90363
90529
90573
90675
91097
91244
91531
91602
91731
91763
91775
91787
91962
92002
92055
92101
92110
92142
92172
92203
92237
92376
92437
92619
92840
92925
93073
93093
93211
93440
93581
93717
93790
94049
94173
94237
94332
94412
94472
94496
94517
94591
94608
94610
94648
94698
94774
94917
94980
95108
95297
95466
95478
95525
95680
95716
95737
95780
95785
95861
95939
96007
96027
96087
96298
96334
96902
96949
97033
97125
97289
97498
97538
97664
97695
97793
97880
97939
98096
98255
98558
98784
98819
98838
98929
99058
99123
99130
99139
99174
99234
99370
99390
99429
99476
99520
99708
99770
99815
99816
99843
99846
99874
99883
100108
100140
100195
100322
100373
100442
100740
100964
100990
101047
101243
101261
101298
101307
101364
101378
101523
101539
101854
101894
101945
101956
101972
102050
102162
102205
102223
102252
102396
102479
102509
102526
102635
102664
102687
102757
102784
102964
103002
103004
103024
103059
103118
103195
103236
103311
103329
103414
103481
103509
103654
103666
103794
103895
103910
103985
104029
104047
104126
104127
104284
104364
104375
104422
104503
104639
104683
104690
104774
104831
104879
104955
104960
105101
105166
105506
105551
105623
105823
105879
106175
106203
106302
106666
106680
106707
106717
107275
107632
107699
107705
107756
107762
107802
108050
108113
108199
108204
108246
108552
108611
108695
108704
108713
108803
108808
108957
109097
109267
109286
109473
109500
109575
109622
109642
109771
109803
109933
109939
109944
110023
110053
110141
110301
110379
110555
110691
110770
110783
110900
111005
111051
111121
111155
111158
111175
111212
111239
111541
111601
111739
111769
112132
112142
112190
112325
112485
112788
112885
112923
112936
112938
112992
112996
113045
113157
113180
113209
113221
113235
113327
113551
113589
113764
114155
114174
114192
114243
114262
114286
114317
114341
114532
114571
114649
114854
115037
115109
115116
115276
115355
115472
115495
115633
115797
115830
116090
116410
116676
116739
116916
116958
116966
117023
117089
117178
117208
117251
117490
117507
117543
117595
117648
117655
117701
117782
117949
118162
118206
118296
118363
118394
118400
118535
118540
118680
118704
118705
118884
118913
118989
119023
119197
119402
119427
119444
119645
119793
119878
119975
120017
120090
120100
120127
120179
120183
120231
120238
120369
120448
120615
120771
120826
120839
120859
121010
121113
121210
121253
121262
121393
121439
121538
121549
121569
121640
121719
121774
121908
121924
122019
122029
122052
122212
122448
122475
122480
122812
122979
123028
123044
123139
123254
123271
123387
123702
123931
123963
123972
124346
124409
124524
124652
124657
124672
124682
124691
124732
124765
124837
124970
125032
125042
125174
125245
125263
125264
125299
125310
125396
125454
125634
125900
125941
126091
126128
126178
126195
126223
126271
126283
126332
126353
126378
126600
126676
126782
126789
126821
126875
126899
126912
126951
126987
127381
127530
127536
128047
128068
128081
128202
128334
128356
128410
128446
128607
128608
128680
128755
128830
128832
128954
128961
129085
129283
129331
129483
129554
129598
129637
129658
130029
130287
130289
130432
130569
130617
130686
130773
130939
131006
131008
131320
131376
131545
131583
131643
131741
131825
132015
132023
132024
132080
132101
132104
132175
132285
132357
132422
132465
132508
132568
132723
132817
132961
132981
133100
133301
133388
133477
133518
133574
133604
133757
133784
134066
134095
134158
134239
134305
134457
134691
134741
134794
134803
134876
134989
135287
135489
135539
135713
135849
135917
136109
136163
136166
136269
136283
136413
136421
136433
136490
136523
136839
137103
137104
137121
137141
137375
137396
137414
137473
137503
137523
137536
137560
137736
137745
137813
137888
138036
138114
138242
138269
138329
138525
138586
138679
138681
139051
139152
139222
139300
139371
139579
139668
139775
139866
139881
139882
139950
140309
140324
140441
140494
140515
140671
140685
140804
140807
140873
141055
141084
141128
141158
141443
141556
141657
141741
141755
141760
141783
141821
141853
141911
141972
142223
142229
142525
142542
142892
142922
142932
143172
143223
143337
143406
143462
143475
143864
143876
143887
143927
144099
144366
144411
144538
144591
144644
144693
144742
144755
144756
144826
144872
144904
144918
144925
144985
145005
145037
145098
145450
145470
145514
145601
145663
145679
145707
145852
145879
145974
146040
146078
146095
146188
146244
146282
146307
146331
146383
146411
146424
146538
146560
146950
147240
147260
147284
147368
147501
147524
147562
147588
147650
147781
147832
147860
148025
148050
148111
148126
148185
148186
148190
148208
148363
148380
148441
148557
148821
148852
149470
149536
149840
150268
150343
150380
150394
150446
150453
150637
150854
150911
151133
151163
151197
151367
151873
151920
151931
151932
152202
152430
152466
152494
152534
152565
152605
152844
152985
153006
153115
153122
153267
153333
153503
153505
153591
153662
153692
153819
153907
153985
154038
154186
154191
154210
154212
154458
154517
154649
154653
154738
154757
154808
154953
154972
155087
155399
155633
155659
155739
155776
155832
155855
155905
155960
155963
155967
155997
156140
156256
156292
156493
156730
156754
156946
156993
157243
157352
157436
157458
157559
157889
157930
158036
158060
158168
158195
158206
158312
158373
158439
158460
158561
158595
158624
158997
159031
159042
159043
159242
159458
159559
159743
159769
159843
159872
159933
159951
160098
160148
160183
160313
160386
160431
160599
160631
160723
160756
160790
160847
161113
161261
161363
161451
161533
161697
161771
161792
161874
161888
161986
162046
162084
162418
162533
162857
162886
162887
163141
163218
163263
163373
163568
163655
163712
163725
163801
163856
163917
163934
164519
164614
164664
164832
165046
165070
165103
165114
165143
165272
165354
165379
165575
165616
165692
165916
165930
165990
166049
166105
166155
166172
166204
166282
166345
166611
166658
166750
166864
166971
167270
167462
167827
167938
167970
167999
168057
168084
168229
168502
168634
168708
168720
168913
168990
169176
169204
169419
169443
169491
169505
169727
169756
169831
169875
169942
170010
170050
170056
170084
170130
170187
170228
170247
170265
170298
170376
170454
170458
170685
170686
170718
170820
170848
170968
171014
171169
171231
171305
171313
171427
171490
171662
171803
171844
171906
171910
171932
172036
172148
172183
172694
172752
172769
173106
173147
173395
173430
173431
173507
173564
173740
173752
173764
174003
174130
174135
174242
174253
174435
174471
174762
174767
174774
174814
174821
175005
175053
175081
175297
175306
175842
175920
176084
176112
176132
176261
176294
176415
176457
176495
176589
176713
177130
177518
177575
177596
177674
177723
177908
177923
178066
178163
178165
178203
178211
178225
178274
178366
178479
178547
178667
178970
179154
179201
179546
179578
179712
179871
179897
180069
180389
180898
180915
181108
181311
181376
181387
181749
181752
181808
181823
181890
181909
182126
182253
182292
182497
182857
182878
183041
183219
183301
183396
183701
183821
183844
183932
183998
184061
184354
184491
184641
184712
184749
184833
184901
184920
185069
185425
185846
186075
186171
186218
186469
186472
186567
186741
186757
186798
186885
186939
187276
187459
187474
187521
187540
187578
187614
187812
187863
187869
188127
188160
188341
188423
188471
188473
188647
188681
188886
188982
189003
189014
189046
189208
189210
189379
189474
189589
189757
189907
190041
190048
190107
190187
190225
190300
190732
190896
190926
190977
190991
191077
191313
191376
191577
191687
191693
191878
191913
191952
192140
192208
192242
192264
192289
192345
192429
192470
192533
192660
192799
192803
193399
193406
193428
193487
193655
193803
193859
194074
194136
194142
194283
194471
194526
194586
195397
195518
195563
195589
195603
195808
195846
195900
195919
195950
195998
196014
196117
196165
196183
196191
196359
196423
196544
196590
196649
196766
196847
196931
197030
197119
197125
197222
197317
197352
197400
197494
197711
197722
197725
197786
197876
198160
198234
198297
198495
198579
198631
198684
198746
198944
199000
199013
199114
199531
199639
199664
199761
199835
199865
199939
199954
200077
200104
200306
200413
200419
200534
200734
201082
201104
201110
201122
201186
201237
201275
201332
201390
201636
201709
201745
201786
202025
202104
202169
202225
202287
202312
202415
202445
202478
202808
202855
202886
202927
203053
203163
203253
203473
203521
203611
203614
203644
203689
203709
203945
203959
204237
204238
204397
204460
204484
204533
204783
205041
205096
205193
205345
205478
205555
205661
205920
205931
206242
206285
206356
206368
206533
206553
206637
206682
206734
206888
206952
207053
207176
207193
207513
207517
207543
207940
208025
208158
208191
208248
208264
208435
208450
208610
208719
208727
208840
208864
208874
209044
209277
209294
209455
209462
209506
209515
209516
209869
210276
210350
210354
210491
210551
210567
210588
210620
211000
211128
211140
211166
211171
211305
211323
211384
211405
211493
211913
211986
211988
212162
212200
212282
212419
212456
212514
212681
212784
212862
212892
212976
213067
213138
213212
213262
213482
213717
213718
213755
214002
214261
215041
215112
215130
215364
215437
215643
215900
215916
215939
216040
216415
216542
216698
216763
216782
216785
217083
217183
217222
217300
217365
217420
217493
217523
217600
217756
217792
217842
217862
218041
218172
218277
218329
218411
218498
218549
218709
218824
218825
218853
218983
219293
219314
219536
219658
219732
219900
219938
220007
220255
220840
221092
221161
221162
221334
221397
221436
221485
221490
221566
221670
221725
221758
221893
221928
221995
222107
222148
222164
222224
222334
222463
222475
222521
222548
222559
222679
222751
222865
222873
222965
222996
223025
223103
223191
223270
223357
223424
223482
223867
223912
224083
224211
224385
224486
224495
224506
224527
224555
224595
224694
224712
225037
225052
225130
225211
225549
225686
225875
226114
226134
226242
226457
226515
226651
226689
226931
227302
227363
227437
227453
227489
227509
227685
227713
227749
227985
228058
228116
228327
228639
228775
228827
228930
229151
229290
229334
229399
229414
229441
229479
229655
229690
229772
229819
229982
230037
230230
230241
230330
230354
230379
230396
230457
230566
230740
230761
230843
230847
230882
231085
231139
231264
231334
231475
231478
231493
231594
231640
231865
231932
232172
232483
232632
232905
233071
233141
233163
233292
233348
233363
233526
233533
233543
233584
233772
234016
234364
234395
234755
234809
234831
234834
234844
235450
235548
235623
235707
235819
235937
236042
236125
236226
236355
236374
236382
236431
236567
236601
236721
237089
237138
237329
237401
237464
237715
237744
237783
238038
238149
238207
238268
238484
238522
238583
238760
238824
238922
238982
239003
239131
239189
239350
239433
239874
239997
240201
240255
240425
240574
240678
240724
240842
240976
241031
241067
241115
241403
241656
241766
241803
241811
242023
242167
242174
242193
242295
242356
242835
242849
242910
243196
243242
243278
243598
243757
243818
243987
244022
244488
244495
244601
244762
244959
245061
245208
245299
245309
245395
245641
245670
245766
245778
245784
245801
245870
245934
245945
246096
246217
246420
246504
246602
246627
246635
246664
246777
246792
246867
246884
247383
247585
247613
248043
248323
248376
248490
248847
248885
248908
248971
248989
249138
249174
249240
249329
249339
249389
249491
249497
249642
249779
249859
249900
250092
250132
250161
250262
250428
250485
250500
250560
250606
250633
251086
251369
251370
251436
251592
251664
251678
251744
251890
251891
251918
252072
252111
252162
252310
252516
252539
252752
252852
252963
252979
253147
253216
253464
253575
253633
253645
253714
253742
253761
253844
253880
253883
253939
254050
254057
254085
254093
254101
254168
254241
254284
254398
254479
254484
254486
254579
254782
254809
254956
255144
255172
255203
255231
255355
255868
255912
255923
256128
256149
256164
256223
256251
256255
256262
256326
256408
256432
256459
256529
256551
256574
256588
256802
256890
257103
257110
257227
257395
257546
257718
257879
257920
258120
258148
258226
258386
258632
258869
258914
259023
259041
259066
259134
259449
259584
259702
259857
259871
259917
259931
259991
259995
260128
260250
260265
260317
260875
260930
261030
261144
261155
261262
261529
261610
261616
261638
261727
261889
262000
262281
262391
262494
262821
262843
262857
263157
263251
263483
263505
263694
263699
263706
263748
263840
263842
263995
264006
264014
264027
264080
264128
264185
264227
264468
264503
264506
264651
264665
264849
264954
265019
265157
265165
265184
265405
265411
265546
265698
265778
265922
266053
266113
266198
266200
266288
266521
266856
267273
267303
267430
267438
267483
267615
268069
268070
268332
268453
268528
268547
268563
268761
268841
268862
268940
269120
269214
269258
269380
269409
269594
269772
269972
269974
270134
270213
270233
270268
270354
270396
270397
270413
270415
270416
270457
270498
270499
270560
270579
270609
271018
271068
271084
271088
271131
271367
271385
271525
271537
271617
272324
272337
272354
272429
272557
272597
272674
272900
272975
273040
273235
273435
273625
273791
273827
273829
274382
274589
274651
274847
274976
275011
275020
275152
275299
275307
275320
275449
275522
275532
275597
275712
275825
275919
276009
276018
276132
276435
276492
276548
276671
276710
276742
276799
276957
277273
277306
277314
277327
277346
277525
277593
277740
277753
277858
277925
278092
278228
278244
278307
278373
278461
278505
278541
278605
278668
278804
278830
278848
278881
278893
279079
279190
279335
279540
279567
279779
279894
279895
279941
280032
280104
280413
280414
280581
280920
281095
281183
281206
281237
281242
281270
281323
281528
281617
281625
281660
281796
281882
281889
281953
281971
282040
282116
282168
282194
282525
282702
282730
282762
282775
282796
282807
282896
283188
283204
283210
283339
283464
283745
284117
284445
284446
284478
284556
284850
284892
284928
285228
285229
285475
285479
285758
285929
286173
286447
286486
286613
286617
286721
287098
287428
287478
287643
287651
287767
287796
287832
287840
287970
287978
288056
288072
288429
288489
288518
288670
288758
288805
288961
289277
289431
289445
289778
289837
289859
289860
290074
290225
290246
290253
290336
290401
290409
290432
290554
290638
290684
290722
290796
290972
291048
291272
291432
291473
291485
291562
291622
291711
292036
292147
292281
292374
292394
292420
292433
292457
292540
292612
292737
292951
293018
293059
293077
293081
293214
293215
293987
294223
294388
294389
294485
294834
294908
294949
295195
295211
295219
295263
295345
295351
295378
295718
295755
295789
295848
296051
296111
296144
296173
296234
296251
296281
296326
296590
296610
296802
296953
297247
297383
297507
297585
297771
298059
298110
298121
298253
298577
298641
298804
298920
298932
298945
299038
299094
299141
299413
299464
299481
299586
299844
299971
300171
300299
300302
300526
300635
300705
300754
300855
300868
300888
301012
301195
301217
301274
301420
301462
301523
301534
301923
302035
302342
302457
302647
302709
303163
303185
303199
303318
303418
303455
303573
303637
303764
303905
303925
304005
304101
304199
304512
304519
304624
304927
305148
305288
305374
305409
305453
305665
305673
305855
305860
306141
306411
306463
306471
306576
306587
306646
307232
307459
307611
307738
307957
308161
308449
308481
308513
308606
308801
308827
308832
308926
309255
309259
309339
309413
309478
309624
309752
309871
309928
309992
310004
310194
310358
310413
310471
310498
310640
311006
311089
311205
311480
311526
311544
311571
311611
311692
311697
312047
312132
312239
312453
312503
312580
312769
312894
312984
313031
313056
313086
313132
313168
313346
313443
313622
313629
313665
313848
313873
314064
314129
314133
314297
314401
314693
314778
314842
314925
315007
315101
315114
315200
315222
315491
315648
315955
316225
316264
316282
316499
316555
316635
316715
316808
316849
317086
317165
317206
317420
317444
317586
317600
317642
317865
317876
317893
318018
318260
318296
318408
318414
318422
318522
318613
318643
318978
319109
319194
319238
319317
319381
319693
319757
319799
319828
319929
319930
319971
319977
319982
320068
320077
320199
320269
320347
320363
320593
320639
320641
320668
320956
320967
320976
321037
321150
321174
321227
321472
321519
321616
321683
321724
321764
321882
322032
322035
322219
322494
322611
322845
322911
323021
323167
323348
323554
323687
323895
324097
324136
324158
324267
324337
324543
324729
324824
324892
325112
325133
325234
325528
325537
325556
325599
325692
325698
325757
325796
325911
325917
326008
326018
326165
326169
326300
326349
326569
326639
326659
326723
326841
326845
326893
327027
327122
327139
327345
327404
327465
327540
327548
327605
327764
327788
327855
327893
327906
328048
328213
328406
328455
328486
328756
328761
328885
329130
329143
329157
329266
329305
329371
329431
329448
329450
329503
329576
329638
329709
329789
329845
329863
330105
330161
330272
330353
330367
330601
330831
330838
330874
330960
331049
331068
331165
331244
331320
331352
331565
331583
331645
331718
331734
331770
331827
331984
332362
332489
332723
332736
332759
332848
333008
333117
333133
333176
333209
333334
333366
333420
333686
333699
333729
334040
334101
334168
334251
334500
334639
334808
334837
334878
334886
334954
335282
335285
335303
335337
335402
335541
335542
335552
335596
335624
335659
335697
335807
336012
336029
336082
336105
336343
336391
336573
336685
337077
337091
337122
337238
337293
337334
337338
337624
337693
337879
337922
337926
337966
338153
338159
338230
338248
338303
338415
338473
338714
338750
338781
338794
338977
338989
339174
339193
339415
339453
339488
339514
339548
339561
339718
339722
340009
340157
340200
340232
340319
340435
340522
340544
340579
340922
341292
341294
341598
341694
341791
341818
342053
342168
342184
342231
342302
342340
342365
342381
342410
342447
342535
342543
342655
342721
342753
342953
343099
343176
343409
343567
343610
343711
343783
343896
344102
344273
344366
344373
344377
344465
344723
344728
344786
344802
344837
345292
345306
345307
345328
345348
345362
345507
345567
345631
345681
345736
345783
345807
345946
345966
346019
346104
346151
346176
346340
346597
346735
346963
347005
347052
347109
347336
347348
347386
347450
347565
347636
347778
347882
348139
348182
348199
348233
348246
348319
348392
348649
348691
348693
348725
348771
349145
349327
349786
349848
349895
349949
349966
350240
350346
350372
350674
350848
350860
351036
351210
351281
351443
351458
351849
351876
351898
351924
351929
352002
352073
352097
352098
352216
352248
352320
352343
352357
352361
352371
352641
352649
352697
352699
352792
352896
353253
353295
353479
353585
353788
353924
354011
354115
354271
354451
354537
354602
354610
354736
354911
355105
355165
355167
355272
355376
355445
355744
355822
355885
356312
356423
356509
356659
356764
356782
356810
356829
356844
356865
356877
356906
356936
356959
356981
357055
357143
357158
357553
357742
357749
357774
357821
357859
358016
358043
358313
358535
358679
358774
358975
358984
359026
359029
359035
359055
359111
359343
359460
359543
359602
359690
359825
359877
359941
359945
359949
360079
360104
360195
360253
360370
360430
360438
360473
360642
360784
361011
361034
361060
361298
361450
361559
361562
361595
361597
361657
361662
361769
361867
361981
362039
362043
362192
362278
362283
362639
362747
363156
363225
363269
363278
363412
363652
363899
363905
364049
364089
364140
364153
364256
364480
364524
364633
364660
364698
364831
365148
365185
365191
365197
365236
365271
365416
365465
365488
365531
365685
365706
365713
365783
365822
365878
365921
366043
366302
366341
366399
366664
366837
366856
366880
366929
366951
367081
367163
367193
367231
367272
367296
367335
367337
367699
367770
367776
368016
368113
368239
368282
368324
368543
368578
368748
368859
368876
369080
369104
369275
369304
369419
369687
369690
369715
369757
369778
370179
370233
370303
370346
370461
370477
370518
370535
370545
370593
370750
370834
371018
371030
371077
371104
371117
371164
371170
371243
371486
371557
371787
371867
371988
372186
372221
372544
372581
372658
372660
372677
372757
373094
373095
373168
373226
373282
373297
373310
373379
373432
373606
373759
373876
374174
374295
374297
374332
374349
374369
374431
374575
374682
374685
374709
375035
375445
375484
375567
375825
375889
376035
376089
376263
376282
376307
376316
376470
376498
376596
376682
376753
376860
377000
377011
377098
377153
377433
377546
377599
377712
377721
377747
377865
377889
377962
378130
378332
378354
378415
378606
378625
378654
378675
378989
379058
379139
379165
379275
379476
379479
379508
379820
379908
379994
380009
380103
380137
380147
380247
380343
380613
380723
380799
380930
381205
381321
381382
381558
381585
381627
381676
381727
381748
381923
382018
382047
382214
382360
382404
382496
382582
382634
382841
382866
383007
383125
383282
383322
383374
383491
383598
383661
384047
384169
384353
384370
384380
384491
384566
384646
384784
384939
385286
385348
385368
385490
385783
385950
385971
385981
386239
386355
386549
386599
386744
386810
386925
386966
387010
387083
387343
387371
387404
387541
387551
387659
387837
387856
387887
387891
387918
387921
387955
387987
388031
388078
388157
388206
388221
388777
388877
389262
389446
389636
389691
389914
390046
390188
390441
390585
390606
390725
390841
390898
391314
391428
391511
391628
391670
391695
391786
391844
391853
391981
392067
392134
392233
392366
392486
392572
392762
392796
392870
392897
393104
393366
393459
393530
393604
393612
393678
393719
393786
393926
393930
393991
394083
394084
394159
394594
394687
394784
394805
394846
394884
395044
395109
395181
395326
395334
395549
395660
395757
395832
395896
395903
396029
396058
396221
396406
396444
396462
396512
396578
396599
396716
396739
396895
396934
396935
397017
397103
397137
397370
397435
397733
397862
397873
397904
397907
398012
398014
398148
398242
398408
398784
398880
398926
398972
399103
399107
399108
399232
399260
399462
399523
399745
400002
400019
400036
400123
400171
400177
400334
400427
400795
400932
400941
401191
401212
401266
401276
401460
401590
401987
402005
402103
402282
402780
402781
402798
402834
402899
402948
403198
403425
403449
403496
403874
403881
403901
403911
404001
404084
404094
404214
404254
404391
404453
404607
404642
404667
404683
404699
404799
404804
404809
404830
404980
404994
405087
405120
405317
405379
405400
405471
405476
405522
406029
406402
406406
406499
406742
406984
407088
407284
407299
407340
407370
407549
407602
407691
407846
407848
407942
408127
408255
408257
408516
408535
408825
408852
408948
409250
409251
409346
409373
409381
409419
409574
409734
409986
410039
410055
410087
410307
410441
410539
410650
410767
410837
410842
410876
410975
411121
411299
411308
411693
411755
411991
412254
412351
412432
412564
412586
412649
412684
412753
412784
412827
412938
412969
413009
413237
413431
413642
413775
413971
414041
414092
414097
414131
414144
414159
414210
414354
414668
414991
415050
415263
415274
415524
415681
415694
415797
415865
415897
416073
416258
416295
416539
416587
416726
416889
417082
417106
417162
417224
417384
417482
417540
417562
417617
417730
417822
417990
418028
418084
418146
418189
418464
418572
418658
418673
418724
418782
418913
418924
419093
419189
419234
419421
419492
419552
419616
419765
419833
419865
419896
419898
419970
420157
420470
420476
420923
420955
421032
421174
421216
421390
421493
421613
421632
421751
421758
421930
421978
422010
422102
422125
422200
422203
422280
422311
422339
422434
422453
422573
422644
422823
422835
422857
422870
422927
423098
423105
423109
423119
423177
423325
423375
423507
423634
423656
423702
423750
423786
423798
423816
423889
423893
424154
424378
424596
424677
424797
424798
424894
424932
425171
425256
425436
425480
425556
425607
425618
425703
425832
425885
425899
425914
426197
426571
426608
426742
426779
426784
426825
426884
426889
426923
427584
427686
427702
428134
428384
428385
428478
428551
428591
428727
428805
428819
428957
429004
429277
429560
429834
429910
430055
430112
430203
430273
430309
430335
430340
430629
430639
430986
430991
431126
431280
431482
431511
431777
431861
431933
431958
431987
432141
432204
432214
432234
432243
432248
432424
432449
432971
433135
433263
433705
433727
433906
433998
434260
434395
434673
434863
435151
435245
435250
435268
435345
435470
435541
435594
435645
435654
435795
435976
436037
436062
436192
436204
436471
436477
436516
436625
436747
436767
436790
436805
436944
436946
436978
437004
437092
437204
437229
437272
437315
437330
437470
437520
437606
437667
437729
437776
437796
437912
437968
438034
438376
438448
438461
438645
439172
439250
439265
439290
439398
439559
439682
439829
439851
440013
440015
440169
440501
440588
440869
440953
440954
441189
441251
441585
441602
441634
441679
441693
441770
441834
442031
442234
442470
442504
442530
442614
442628
442770
442871
443051
443737
443956
444130
444207
444222
444239
444397
444462
444550
444585
444694
444865
445156
445276
445331
445358
445731
445815
445821
445874
445911
446071
446198
446244
446255
446260
446620
446716
446770
446814
446904
446944
447317
447544
447698
447747
447869
448068
448114
448131
448155
448270
448296
448309
448486
448561
448596
448632
448671
448753
448804
448897
448932
449055
449120
449410
449437
449485
449595
449782
450068
450394
450500
450736
450769
450892
451017
451178
451281
451347
451427
451567
451805
452023
452088
452103
452223
452355
452369
452373
452442
452606
452621
452778
452811
452833
452841
453012
453306
453340
453374
453641
453696
454037
454093
454414
454421
454689
454785
454808
454839
454903
454975
455300
455429
455497
455790
455914
455933
456021
456043
456080
456275
456896
457079
457114
457257
457300
457568
457647
457660
457820
457916
458039
458051
458189
458280
458324
458411
458535
458596
458898
459084
459157
459230
459391
459494
459583
459673
459768
459907
460423
460463
460554
460579
460618
460863
460864
460898
461055
461058
461136
461226
461400
461476
461485
461495
461564
461657
461683
461762
461884
461917
461956
462062
462294
462329
462507
462583
462644
462654
462722
462829
462954
462987
463035
463119
463280
463298
463309
463355
463373
463376
463589
463741
463744
463897
463905
463988
464031
464062
464333
464414
464495
464636
464650
464658
464834
464943
464984
464999
465263
465370
465427
465464
465525
465556
465604
465630
465642
465776
465802
465942
466062
466153
466184
466244
466251
466253
466421
466536
466647
466997
467137
467292
467298
467322
467330
467455
467670
467685
467722
467756
468113
468164
468222
468330
468384
468452
468665
469284
469424
469440
469548
469796
469829
469839
469883
470065
470171
470219
470234
470255
470272
470454
470558
470588
470746
470911
470929
470971
471056
471069
471788
471824
471850
471854
471960
471972
472089
472107
472150
472159
472332
472423
472447
472592
473009
473148
473219
473491
473519
473582
473719
473763
473782
473905
473949
474153
474202
474221
474323
474408
474463
474466
474550
474606
474758
474909
474944
475160
475228
476188
476192
476262
476271
476273
476284
476513
476545
476811
476832
476852
476868
476921
477194
477283
477300
477516
477535
477622
477764
477808
477946
477989
478072
478073
478164
478233
478354
478361
478363
478471
478510
478647
478656
478687
478747
478950
478957
478994
479001
479230
479295
479299
479402
479515
479653
479749
479835
480002
480023
480060
480157
480393
480543
480553
480721
480790
480887
481102
481288
481324
481643
481716
481911
481935
482140
482264
482298
482341
482528
482547
482589
482635
482666
482721
482767
482964
483058
483102
483175
483234
483289
483313
483500
483677
483896
484089
484090
484127
484326
484386
484443
484528
484904
485101
485143
485183
485365
485374
485483
485488
485510
485824
486050
486119
486173
486310
486476
486477
486520
486575
486588
486793
487085
487136
487421
487423
487703
487705
487990
488012
488042
488480
488532
488662
488867
488894
488989
489463
489560
489757
489773
489815
489889
489929
489966
490021
490395
490422
490451
490457
490527
490549
490580
490591
490621
490725
490755
491339
491427
491468
491666
491667
491733
492079
492241
492397
492511
492520
492524
492817
492820
492839
492850
492968
493044
493069
493074
493132
493323
493367
493542
493554
493616
493777
493810
493832
493944
494012
494390
494516
494527
494575
494631
494944
494976
495071
495225
495324
495440
495618
495687
495774
495780
495811
495821
496086
496244
496363
496373
496449
496731
496903
496910
497106
497284
497404
497441
497519
497563
497763
497879
498017
498077
498235
498363
498425
498430
498463
498510
498526
498585
498714
498717
498763
498848
498923
499303
499465
499502
499568
499627
499672
499722
499731
499739
499746
499888
499975
500244
500401
500457
500480
500485
500554
500629
500714
500796
500898
500987
501085
501186
501467
501592
501614
501634
501661
501677
501697
501717
501742
501761
501844
501849
501878
502042
502081
502276
502402
502470
502659
502830
502866
503192
503206
503357
503374
503599
503640
503838
503866
503978
503993
504030
504071
504087
504128
504174
504181
504273
504390
504403
504494
504607
504624
504767
505068
505226
505240
505275
505466
505821
505849
505916
505947
505977
506060
506061
506332
506608
506663
506701
507153
507193
507198
507210
507305
507334
507359
507448
507512
507545
507597
507628
507685
507782
507835
508094
508367
508397
508553
508645
508675
508800
508969
509043
509065
509157
509555
509667
509723
509726
509888
509952
509988
510025
510088
510132
510335
510367
510638
510733
510912
511055
511254
511292
511397
511472
511734
512091
512141
512248
512321
512502
512776
512820
512827
512842
512935
512994
513147
513289
513415
513615
513623
513840
514038
514130
514223
514258
514260
514379
514487
514538
514646
514728
515423
515428
515501
515644
515697
515730
515899
515963
515981
516097
516212
516430
516511
516697
516771
516838
516848
517016
517028
517214
517259
517539
517638
517731
518197
518236
518303
518310
518342
518379
518423
518649
518807
518863
518942
519028
519231
519286
519300
519388
519391
519432
519436
519788
520035
520081
520123
520316
520351
520403
520408
520441
520446
520456
520606
520769
520801
520934
520956
521006
521033
521078
521172
521317
521678
521711
521813
521872
521884
521937
521990
522110
522177
522183
522372
522496
522652
522658
522863
522956
523036
523037
523146
523155
523638
523704
523823
523886
523889
523898
523979
524075
524216
524344
524491
524529
524537
524657
524699
524830
525020
525129
525202
525234
525274
525330
525475
525517
525558
525566
525927
526222
526300
526328
526351
526390
526513
526545
526572
526669
526720
526798
526801
526908
526943
527099
527204
527237
527296
527474
527728
527729
527934
528037
528084
528134
528324
528336
528356
528656
528723
528754
528862
528927
528934
529091
529137
529155
529206
529254
529660
529772
529821
529895
529973
530178
530216
530234
530342
530363
530790
530815
530900
530972
531106
531214
531236
531313
531574
531586
531715
531871
531938
532033
532056
532131
532140
532218
532306
532527
532535
532621
532827
532881
532892
533178
533194
533342
533476
533493
533799
533822
533891
533927
533944
534397
534527
534560
534598
534811
534843
534857
534893
534995
535021
535028
535091
535503
535631
535662
535845
536011
536091
536416
536446
536544
536624
536752
537112
537176
537317
537437
537511
537708
537781
537793
537830
537982
538157
538334
538473
538491
538525
538688
538706
538767
538920
539179
539239
539505
539527
539588
539595
539637
539698
539784
539806
539820
539947
539956
540002
540005
540087
540106
540223
540911
541040
541070
541080
541271
541272
541324
541453
541679
541799
541857
541995
542342
542486
542554
542723
543013
543054
543135
543164
543169
543399
543501
543516
543597
543670
543690
543785
544032
544101
544115
544158
544312
544364
544399
544485
544537
544576
544630
544644
544682
544802
544842
544849
544859
544890
545034
545054
545117
545119
545200
545457
545495
545518
545559
545572
545636
545713
545728
545870
545900
545916
545958
546062
546079
546437
546591
546647
546734
546748
546839
546866
546967
547130
547159
547355
547400
547710
547764
548022
548080
548291
548555
548701
548904
548939
548987
549033
549292
549424
549658
549705
549805
549817
549974
550027
550459
550485
550497
550501
550525
550736
550738
550781
550804
550881
551148
551149
551167
551256
551349
551430
551434
551471
551643
551693
551877
551881
552084
552180
552222
552256
552354
552370
552446
553026
553055
553181
553365
553380
553426
553523
553634
553666
553957
554004
554005
554080
554222
554285
554356
554391
554469
554523
554660
554677
554757
554841
554882
554947
555017
555023
555031
555130
555294
555322
555460
555568
555987
556099
556143
556377
556404
556432
556533
556699
556735
556784
556848
556862
556867
556891
556903
557135
557189
557298
557416
557571
557579
557612
557626
557712
557723
557756
557902
558112
558332
558336
558392
558517
558690
558802
558806
558833
558869
558934
558978
559019
559108
559187
559378
559397
559493
559503
559533
559541
559690
559791
559808
559916
559938
560136
560152
560212
560357
560427
560450
560506
560544
560570
560589
560603
560670
560763
560770
560782
560794
561097
561122
561257
561386
561425
561435
561440
561484
561489
561653
561693
561762
561868
561967
562012
562174
562195
562339
562523
562561
562669
562688
562738
562771
562789
562929
562970
563138
563265
563538
563651
563730
563761
563782
563954
564224
564419
564496
564589
564600
564610
564739
564766
564776
564881
564937
565050
565122
565161
565381
565469
565480
565485
565489
565713
565722
565954
566076
566144
566241
566250
566259
566711
566749
567174
567246
567275
567311
567328
567494
567621
567642
567669
567745
567760
567840
568198
568608
568652
568818
568881
568984
569320
569324
569362
569641
569801
569950
569973
570092
570120
570221
570340
570390
570469
570502
570758
570820
570935
571251
571313
571353
571480
571550
571703
571775
571845
571851
572233
572404
572507
572584
572698
572753
572787
572803
572871
572963
573043
573248
573305
573395
573443
573517
573552
573563
573572
573749
573834
573919
573997
574003
574186
574210
574244
574375
574531
574585
574670
574677
574701
574716
574764
574834
575013
575094
575174
575254
575292
575323
575400
575474
575549
575684
575737
575740
575856
575880
575981
576047
576129
576175
576253
576257
576280
576351
576615
576661
576842
576848
576905
577019
577020
577099
577210
577432
577494
577547
577576
577587
577654
577663
577666
577838
577887
577964
577980
578291
578459
578535
578548
578634
578775
578850
578989
579009
579118
579182
579493
579502
579513
579523
579877
580006
580043
580049
580111
580152
580175
580243
580304
580338
580517
580586
580601
580603
580720
580732
580765
580805
580912
581064
581222
581314
581385
581410
581595
581660
581769
581975
581996
582012
582195
582229
582236
582255
582549
582635
582718
582760
582761
582993
583248
583335
583384
583416
583437
583515
583645
583706
583790
583842
583947
583955
583956
584069
584080
584081
584149
584185
584379
584571
584631
584655
584917
584929
585376
585408
585441
585549
585866
585887
586000
586017
586028
586055
586294
586556
586589
586718
586787
586820
587023
587137
587192
587348
587433
587597
587857
587871
587966
588047
588074
588088
588302
588306
588365
588408
588489
588757
588821
588963
588964
589106
589234
589383
589443
589697
589781
589810
589841
590004
590073
590287
590323
590332
590469
590499
590572
590592
590660
590712
590745
590916
591054
591204
591284
591571
591573
591649
592065
592610
592613
592627
592729
592813
592957
593020
593202
593249
593258
593416
593513
593517
593681
593688
593880
593910
594031
594036
594409
594842
594881
594994
595035
595039
595041
595046
595061
595154
595227
595331
595352
595476
595564
595572
595598
595884
596058
596130
596277
596466
596474
596717
596802
596803
596819
596932
597002
597011
597169
597338
597424
597432
597657
597724
598226
598309
598359
598611
598614
598729
598766
598791
598850
599018
600091
600192
600261
600338
600617
600708
600861
601000
601126
601302
601436
601543
601620
601751
602084
602196
602235
602307
602520
602725
602727
602749
602759
603268
603331
603533
603720
603771
603955
604022
604095
604275
604534
604723
604783
604926
605002
605079
605232
605298
605493
605523
605535
605908
606182
606271
606316
606525
606560
606762
606839
606845
606937
607169
607694
607852
607930
608056
608080
608114
608250
608277
608319
608496
608666
608881
609000
609065
609411
609417
609549
609550
609694
609806
609815
610018
610225
610252
610479
610621
610652
610672
610673
610730
611301
611433
611436
611488
611495
611521
611694
611705
611846
612036
612145
612311
612343
612438
612474
612590
612610
612698
612833
612924
612937
612977
613191
613349
613614
613688
613796
613831
613851
614227
614268
614291
614328
614343
614364
614398
614453
614495
614514
614529
614610
614678
614735
614818
615056
615136
615168
615203
615206
615230
615252
615330
615335
615443
615506
615526
615628
615677
615921
616036
616072
616080
616156
616182
616230
616328
616329
616358
616421
616493
616564
616571
616597
616870
617017
617046
617107
617244
617458
617577
617609
617744
617782
617804
617941
618127
618154
618190
618330
618371
618380
618451
618475
618493
618839
619048
619060
619123
619160
619264
619269
619291
619449
620038
620139
620270
620317
620330
620331
620919
621001
621368
621437
621534
621535
621618
621731
621791
621815
622308
622357
622435
622479
622514
622538
622632
622657
622831
622847
622900
622925
622936
623022
623079
623293
623333
623522
623547
623721
623748
623796
623803
623839
623899
623972
624028
624068
624162
624264
624302
624529
624610
624822
624882
624885
624909
624910
625043
625195
625299
625497
625660
625671
625846
625862
625886
625914
625944
625993
626006
626059
626083
626465
626594
626628
626770
626815
626837
627110
627310
627420
627425
627495
627625
627629
627647
627667
627692
627848
628117
628189
628246
628267
628311
628376
628452
628532
628706
628856
628934
629113
629164
629216
629228
629252
629413
629625
629683
629724
629784
629853
629931
630008
630151
630243
630333
630375
630378
630440
630443
630497
630572
630604
630875
631084
631102
631199
631347
631394
631972
632102
632175
632269
632288
632615
632668
632681
632710
632742
632796
632824
632854
632945
632987
633028
633294
633329
633377
633410
633445
633598
633665
633718
633750
633914
633993
634173
634329
634656
634717
634980
635141
635251
635262
635389
635473
635712
635777
635827
635887
636023
636036
636068
636070
636161
636221
636341
636388
636559
636637
636669
636787
636842
636922
637028
637105
637195
637209
637406
637501
637579
637634
637654
638161
638168
638249
638262
638271
638347
638392
638484
638515
638555
638727
638810
638883
638940
638972
639139
639246
639247
639384
639574
639588
639601
639615
639697
639800
639812
639912
640220
640273
640371
640412
640564
640625
640813
640996
641065
641288
641310
641520
641676
641700
641716
641726
641758
642152
642377
642444
642553
642562
642564
642586
642613
642635
642713
642804
642961
643007
643018
643116
643270
643332
643337
643410
643524
643679
643801
643848
643887
643992
644707
644801
644927
645358
645481
645556
645606
645900
646005
646060
646069
646134
646142
646215
646362
646611
646640
646785
646825
646915
646961
647033
647252
647313
647371
647440
647454
647633
647813
647818
648022
648067
648315
648353
648378
648394
648421
648551
648562
648593
648685
648686
648717
648753
648786
648911
648928
648990
649086
649089
649217
649407
649486
649789
649969
649980
650018
650109
650132
650272
650321
650380
650387
650605
650874
651079
651098
651244
651298
651416
651702
651841
651914
652035
652235
652583
652637
652723
652732
652754
652882
652997
653020
653053
653167
653221
653346
653426
653455
653526
653665
653674
653756
653888
654058
654212
654416
654565
655043
655234
655250
655555
655616
655640
655695
655930
656038
656232
656282
656346
656481
656502
656602
656612
656684
656866
656966
657014
657096
657113
657122
657267
657423
657465
657467
657524
657964
658094
658107
658140
658200
658281
658425
658474
658515
658519
658523
658546
658670
658733
658819
658827
658867
658989
659110
659147
659324
659341
659350
659380
659399
659510
659584
659651
659803
659846
659893
659907
660234
660319
660330
660348
660520
660587
660603
660627
660715
660718
660727
660763
660814
660845
660883
661102
661103
661493
661565
661674
661701
661724
661812
662015
662100
662116
662232
662279
662435
662715
662935
662999
663113
663264
663267
663286
663602
663660
663711
663770
663828
663833
663979
664073
664203
664370
664441
664578
664673
664749
664780
664781
664814
664899
665003
665169
665213
665246
665312
665414
665559
665587
665805
666108
666156
666168
666173
666282
666304
666324
666357
666816
666871
666901
667014
667090
667121
667148
667203
667319
667367
667562
667638
667864
667925
668229
668351
668406
668498
668656
668688
668692
668854
668917
669013
669091
669165
669182
669220
669246
669487
669717
669884
669904
669928
670067
670359
670403
670405
670757
670776
671114
671324
671344
671352
671439
671460
671462
671487
671701
671991
672272
672340
672429
672550
672578
672581
672636
672685
672744
672904
672943
673084
673288
673297
673357
673473
673479
673650
673952
673953
673978
673993
674031
674078
674082
674155
674173
674266
674345
674678
674730
674879
674991
675043
675111
675314
675486
675730
675770
675950
676024
676035
676483
676526
676552
676619
676666
676695
676895
676903
677110
677225
677363
677395
677412
677508
677521
677600
677634
677660
677826
677931
678006
678077
678079
678161
678199
678292
678313
678383
678388
678823
678835
678878
678946
678955
678988
679011
679097
679129
679342
679391
679463
679525
679528
679591
679623
679812
679844
679980
679989
680006
680113
680195
680327
680468
680493
680880
681438
681516
681517
681897
681898
682032
682125
682152
682194
682382
682405
682442
682444
682546
682616
682650
682668
683085
683233
683269
683276
683328
683350
683352
683478
683509
683545
683602
683755
683770
683917
684015
684073
684116
684319
684381
684412
684470
684686
684715
684729
684926
685167
685172
685200
685277
685544
685624
685827
686047
686258
686301
686408
686433
686454
686470
686479
686544
686577
686627
687118
687219
687524
687594
687747
687807
687898
687928
687956
688075
688310
688412
688481
688560
688696
688818
688851
688970
689077
689157
689273
689441
689481
689523
689603
689622
689704
690078
690163
690251
690403
690481
690546
690824
691113
691124
691166
691175
691197
691218
691583
691653
691821
691840
691913
691976
692005
692026
692046
692122
692182
692237
692295
692334
692422
692609
692643
692702
692839
692915
692944
692994
693195
693254
693270
693314
693802
693877
693911
693933
693964
694174
694194
694236
694319
694363
694372
694392
694420
694487
694568
694600
694657
694776
694797
694823
695017
695108
695145
695370
695454
695526
695632
695671
695681
695742
695920
695948
696046
696068
696217
696600
696923
696942
697000
697180
697257
697355
697369
697467
697692
697763
697802
697881
698201
698549
698559
698658
698698
698713
698745
698939
699010
699053
699129
699175
699267
699365
699423
699443
699481
699492
699498
699509
699563
699632
699716
699741
699945
699950
699980
699981
700031
700065
700094
700095
700384
700459
700481
700506
700523
700547
700580
700614
700777
700965
701037
701049
701160
701210
701254
701463
701635
701655
701678
701709
701738
701838
702150
702227
702271
702275
702349
702425
702634
702677
702855
702938
703187
703343
703473
703623
703729
703738
703841
703899
703923
704052
704116
704118
704124
704468
704581
704634
704649
704798
704976
705006
705047
705162
705266
705422
705468
705625
705723
705743
705857
705901
705915
706057
706108
706169
706234
706282
706295
706377
706406
706480
706554
706664
706682
707082
707132
707337
707349
707368
707379
707499
707525
707543
707607
707609
707695
707697
707868
707913
708153
708392
708492
708508
708541
708595
708632
708743
708792
708794
708889
709105
709209
709296
709372
709855
710020
710094
710123
710170
710199
710252
710319
710368
710491
710655
710742
710837
710949
711087
711189
711629
711835
711908
711923
712149
712155
712245
712272
712285
712335
712464
712511
712683
712930
713230
713551
713628
713785
713812
713884
713932
713961
714002
714088
714144
714152
714221
714272
714291
714329
714363
714432
714462
714478
714552
714700
715500
715582
715600
715612
715620
715625
715816
715885
715906
715938
716081
716375
716411
716444
716497
716530
716609
716840
717057
717261
717302
717307
717308
717326
717379
717673
717841
718212
718287
718393
718456
718518
718604
718708
718776
719061
719095
719104
719127
719153
719182
719185
719305
719380
719479
719969
720127
720329
720428
720569
720745
720758
720770
720850
720907
721033
721120
721416
721419
721475
722024
722261
722351
722608
722613
722644
722743
722769
722777
722926
723062
723106
723114
723224
723244
723456
723818
724057
724232
724236
724321
724332
724473
724489
724564
724608
724800
725063
725137
725256
725276
725278
725409
725496
725583
725632
725684
725807
725917
726049
726137
726310
726374
726417
726448
726455
726530
726645
726764
726928
726969
727151
727163
727278
727291
727306
727398
727520
727569
727641
727715
727850
728037
728080
728366
728527
728535
728546
728905
729061
729205
729252
729303
729407
729612
729716
729945
729998
730215
730502
730583
730633
730817
730839
730848
730863
730914
730986
730999
731168
731186
731401
731458
731574
731895
732131
732677
732729
732830
733042
733498
733547
733571
733798
733891
733935
733962
733970
734835
734959
734986
735030
735056
735234
735254
735284
735608
735668
736173
736246
736267
736328
736341
736356
736439
736515
736619
736749
736844
736868
737019
737060
737205
737278
737475
737529
737717
737751
737757
737780
737875
737997
738114
738135
738147
738291
738737
738769
738974
739163
739265
739372
739430
739537
739628
739893
739917
739934
740049
740138
740167
740194
740343
740387
740434
740458
740632
740663
740890
740970
741163
741250
741350
741654
741880
741890
741910
741925
741959
742007
742123
742124
742224
742381
742629
742714
742861
742893
742946
742989
742990
743017
743139
743201
743235
743256
743301
743309
743432
743606
743731
744025
744264
744283
744584
744608
744639
744837
744939
744993
745137
745199
745454
745467
745523
745667
745693
745750
745804
746018
746098
746242
746377
746413
746635
746797
746829
746854
746878
747012
747037
747064
747105
747469
747717
747734
747809
747869
747938
748202
748278
748403
748419
748442
748552
748574
748593
748832
748838
749040
749193
749322
749372
749496
749517
749540
749773
749928
750014
750118
750413
750520
750546
750711
750820
751187
751219
751255
751304
751329
751490
751578
751626
751770
751955
751993
752044
752055
752063
752079
752103
752137
752152
752195
752253
752265
752517
752635
752693
752772
752937
753328
753378
753427
753469
753619
753646
753714
753825
753858
753903
754027
754094
754226
754234
754256
754319
754903
754924
755078
755138
755141
755290
755305
755363
755434
755436
755446
755836
755877
755990
756008
756061
756093
756285
756381
756897
756965
757042
757121
757158
757171
757189
757247
757261
757432
757665
757774
757948
758048
758065
758171
758197
758282
758378
758391
758465
758662
758781
758793
758818
758869
758896
758962
758984
759019
759094
759096
759234
759510
759636
759680
759729
760073
760147
760162
760312
760464
760515
760583
760587
760619
760688
760806
760845
760908
761019
761188
761227
761319
761679
761949
761951
761972
762280
762388
762454
762508
762552
762605
762989
763058
763086
763094
763190
763254
763333
763446
764067
764109
764505
764642
764643
764764
764804
765016
765071
765121
765211
765298
765449
765686
766246
766263
766374
766428
766446
766533
766587
766607
766618
766651
766714
766915
766930
767025
767146
767212
767457
767492
767604
767657
767684
767749
767774
767902
767918
767933
767949
768036
768041
768113
768148
768199
768242
768338
768453
768500
768524
768531
768545
768762
768817
768887
769019
769020
769092
769126
769291
769333
769341
769470
769709
769739
769787
769891
769893
769994
770294
770365
770532
770629
770660
770764
770767
770773
770791
770808
770812
770887
770951
770975
771163
771199
771215
771399
771451
771468
771544
771630
771792
771881
771977
772029
772177
772251
772306
772328
772493
772578
772581
772729
773292
773315
773344
773435
773480
773485
773489
773564
773691
773846
774090
774135
774162
774895
774914
775006
775044
775087
775122
775307
775430
775434
775482
775554
775636
775708
775735
775884
775919
775979
776139
776148
776225
776363
776452
776850
776958
776976
776979
776997
777376
777520
777778
777913
778044
778168
778214
778461
778494
778622
778687
778748
778816
778900
778918
778972
779189
779406
779428
779489
779573
779809
780025
780055
780320
780450
780570
780621
780902
781096
781120
781187
781575
781867
781956
782044
782353
782407
782428
782458
782751
782798
782825
782864
782935
782944
782959
782974
783317
783368
783384
783731
783742
783769
783820
783962
783975
784038
784049
784113
784243
784297
784320
784341
784418
784423
784576
784760
784783
785086
785162
785186
785219
785235
785282
785288
785334
785431
785469
785476
785557
785862
785892
785920
786135
786266
786293
786588
786675
786691
786701
786908
786974
787064
787079
787161
787236
787671
787901
787932
787966
788025
788363
788750
788783
788893
788964
789042
789216
789355
789357
789377
789428
789435
789610
789630
789649
789680
789809
789828
789978
790346
790350
790534
790603
790635
790641
790834
790934
791092
791131
791244
791484
791894
791895
792035
792059
792171
792186
792375
792399
792536
792619
792869
792879
792915
793089
793148
793279
793345
793434
793445
793544
793623
793624
793728
793857
793894
794233
794347
794411
794627
794769
794780
794901
795101
795103
795111
795159
795188
795196
795345
795394
795461
795503
795543
795587
795899
795900
796006
796036
796297
796356
796399
796926
796958
796992
797095
797139
797319
797331
797605
797817
798155
798245
798308
798474
798481
799037
799278
799334
799379
799410
799555
799579
799586
799765
799919
799943
800121
800348
800446
800450
800523
800618
800697
800727
800778
800805
800843
800868
801050
801158
801191
801218
801225
801230
801808
801819
801884
801891
801997
802134
802201
802222
802243
802302
802478
802538
802797
802873
803030
803367
803405
803416
803467
803499
803529
803530
803555
803669
803841
804060
804158
804293
804331
804532
804590
804649
804920
804925
804940
805000
805110
805187
805213
805419
805491
805519
805603
805746
805765
805778
805949
806015
806207
806310
806329
806404
806564
806628
806667
806783
806833
806840
806923
806970
807039
807065
807105
807143
807310
807485
807530
807610
807662
807695
807737
807930
808095
808097
808243
808489
808510
808603
808699
808751
808784
809028
809268
809295
809334
809428
809567
809570
809608
809649
809763
809857
810008
810098
810134
810150
810234
810275
810680
810833
810857
811011
811499
811529
811662
811725
811769
811794
811865
812242
812299
812306
812493
812514
812663
812749
812786
812875
812977
813059
813232
813377
813450
813601
813675
813743
814010
814142
814339
814357
814569
814682
814709
814715
814849
814882
814935
814974
815055
815122
815291
815394
815443
815494
815582
815659
815801
815804
815838
816053
816235
816258
816461
816764
816784
816820
816881
816973
817252
817256
817359
817471
817553
817594
817661
817845
817907
818332
818389
818454
818485
818632
818814
818847
819003
819061
819065
819330
819392
819563
819586
819631
819664
819826
819847
819874
820034
820204
820269
820295
820471
820544
820746
820835
820895
820964
821148
821184
821356
821550
821694
821940
821943
822142
822157
822201
822212
822315
822344
822567
822667
822757
822787
822805
823113
823264
823288
823481
823482
823488
823571
823727
823871
823902
823951
823956
824072
824374
824419
824862
824914
824947
824997
825042
825102
825109
825333
825606
825617
825670
825927
825977
825990
826044
826115
826227
826482
826529
826551
826641
826785
826788
826870
826887
826936
827011
827387
827471
827511
827648
827707
827710
827760
827793
827830
827984
828084
828089
828109
828424
828470
828551
828587
828662
828708
828725
828792
828823
829053
829231
829262
829377
829635
829640
829686
829909
830099
830115
830190
830349
830350
830358
830369
830537
830572
830680
830883
830892
830943
830978
831048
831083
831311
831344
831373
831517
831726
831923
831955
831970
832065
832142
832452
832562
832617
832711
832832
832846
832972
832979
833085
833124
833360
833534
833546
833834
834105
834445
834504
834676
834743
834869
834878
834905
834913
834918
834940
835056
835096
835383
835757
835894
836064
836168
836444
836531
836541
836957
836980
837189
837503
837665
837782
837989
838184
838359
838404
838410
838552
838960
838984
838995
839008
839065
839136
839414
839591
839617
839636
839767
839770
839790
839957
839969
840091
840254
840361
840415
840766
840853
840992
841028
841158
841472
841514
841676
841742
841775
841847
842031
842046
842105
842167
842203
842267
842427
842480
842644
842751
843022
843030
843063
843432
843443
843444
843668
843855
844101
844579
844623
844633
844647
844655
844765
844843
844922
844957
844989
845006
845095
845107
845212
845318
845441
845469
845614
845804
845812
846211
846383
846445
846457
846471
846503
846563
846570
846591
846596
846622
846695
846714
846898
847006
847091
847340
847424
847499
847532
847568
847618
847856
847907
847973
848024
848136
848375
848621
848655
848666
848692
848721
848846
848877
848963
849120
849244
849486
849646
849656
849797
849808
849840
849850
849858
849864
850039
850200
850259
850347
850392
850443
850475
850620
850659
850677
850718
850774
850923
851029
851132
851165
851364
851370
851392
851628
851664
851709
851765
851771
852051
852293
852298
852416
852447
852479
852503
852604
852753
853052
853082
853134
853159
853328
853392
853404
853521
853815
853865
853870
853889
853969
854061
854107
854108
854151
854542
854556
854628
854632
854636
854982
855080
855204
855337
855658
855741
855936
856005
856226
856292
856323
856347
856448
856474
856480
856556
856644
856703
856715
856767
856823
856902
857061
857135
857187
857208
857219
857237
857288
857427
857584
857948
857959
858097
858335
858469
858529
858884
859135
859757
859856
859907
859948
860145
860284
860314
860368
860375
860674
860916
861091
861141
861215
861657
861676
861730
861743
861815
861825
861851
862491
862627
862632
862650
862682
862709
862855
862918
862932
862973
863371
863592
863621
863811
863834
863875
863911
863939
863994
863996
864055
864327
864402
864476
864625
864698
864743
864786
864811
864970
864976
865131
865152
865306
865379
865419
865562
865593
865611
865615
865651
865717
865719
865738
865752
865796
865872
865968
866252
866855
866859
867153
867174
867231
867257
867348
867534
867645
867743
868005
868037
868274
868278
868575
868608
868708
868728
869047
869106
869194
869410
869420
869486
869677
869699
869873
869888
869945
870061
870077
870234
870252
870290
870291
870464
870540
870574
870723
870766
870782
870902
870920
870983
871020
871094
871279
871314
871416
871426
871487
871593
871813
871834
871847
872010
872085
872218
872279
872535
872571
872634
872664
872718
872897
872915
872939
872943
873181
873216
873262
873325
873530
873919
874193
874247
874248
874250
874301
874372
874391
874731
874777
874996
875004
875118
875180
875386
875446
875456
875530
875627
875704
875891
876032
876038
876200
876254
876279
876350
876396
876543
876576
876645
876720
876781
876937
876953
877019
877047
877059
877223
877319
877439
877478
877480
877500
877579
877739
877795
877821
877861
877913
877932
878078
878243
878254
878596
878854
878921
879070
879094
879289
879344
879546
879761
879831
880070
880092
880144
880213
880312
880618
880714
880801
880972
881097
881187
881341
881436
881482
881518
881541
881557
881595
881706
881735
881744
881785
881877
882137
882195
882202
882668
882723
882779
882884
882946
883156
883166
883238
883355
883501
883816
883824
883897
884151
884247
884302
884616
884691
884831
884884
885129
885200
885355
885367
885734
885784
885818
885882
885883
885924
885936
885943
885962
886028
886154
886309
886425
886462
886507
886538
886737
886766
886802
887121
887156
887423
887645
887649
887748
887797
887823
887850
887871
887896
888341
888348
888483
888518
888532
888564
888626
888651
888680
888867
889083
889155
889188
889217
889222
889326
889383
889561
889614
889702
889771
889873
889935
890309
890337
890383
890511
890596
890603
890645
890668
890695
890765
890954
891055
891097
891365
891516
891579
891621
891685
891858
891917
891985
892014
892016
892061
892114
892475
892604
892870
892876
892883
893173
893343
893687
893750
893932
893957
894031
894065
894091
894188
894203
894354
894543
894550
894702
894919
894937
894942
894975
895080
895307
895343
895501
895541
895558
895599
895664
895683
895693
895698
895780
895823
896102
896293
896612
896778
896844
896899
897059
897146
897218
897267
897367
897417
897485
897497
897514
897558
897607
897612
897784
897855
897893
898023
898245
898282
898323
898348
898426
898502
898658
898668
898714
899361
899382
899393
899468
899527
899577
899601
899614
899617
899707
899977
900022
900093
900104
900210
900227
900239
900343
900496
900514
900534
900539
900622
900723
900926
901109
901167
901324
901505
901742
901926
901938
901947
901967
902018
902051
902203
902235
902345
902362
902480
902903
903009
903216
903244
903433
903809
904001
904124
904127
904179
904338
904379
904440
904648
904803
904920
905088
905154
905229
905301
905419
905456
905808
905829
905886
905928
905942
906004
906195
906447
906525
906646
906777
906893
907004
907092
907150
907212
907271
907414
907885
908082
908213
908417
908566
908679
908916
909059
909277
909612
909671
909786
909904
909930
909972
909974
910013
910307
910373
910466
910487
910574
910620
910656
910774
910872
911002
911078
911170
911193
911221
911428
911507
911740
912037
912096
912171
912212
912231
912292
912300
912331
912344
912353
912371
912427
912432
912499
912716
913109
913116
913295
913381
913522
913597
913771
913785
913993
914095
914334
914389
914436
914449
914458
914656
915149
915305
915358
915539
915672
915914
915967
915999
916085
916100
916207
916254
916283
916425
916519
916604
916921
917037
917275
917281
917321
917347
917358
917493
917696
917764
917888
918175
918287
918481
918638
918797
918815
919154
919277
919292
919325
919367
919651
919730
919921
919970
919992
920230
920239
920344
920351
920499
920555
920668
920770
920994
921027
921032
921089
921160
921195
921354
921702
921848
921876
921904
921916
921928
921942
922080
922114
922165
922185
922698
922831
922892
923042
923063
923124
923583
923589
923656
923660
923685
923806
923895
924064
924086
924110
924240
924255
924286
924306
924348
924451
924533
924611
924940
925275
925619
925640
925701
925752
925793
925862
925933
925968
926092
926118
926205
926296
926322
926364
926368
926375
926482
926840
926883
926951
926982
927008
927041
927144
927152
927184
927286
927325
927352
927452
927521
927545
927582
927624
927689
927796
928830
928894
929097
929165
929208
929356
929374
929576
929815
929836
929849
929909
929952
930085
930199
930364
930489
930572
930599
930667
930922
930948
931172
931290
931308
931374
931509
931635
931668
931670
931699
931841
931844
931883
931939
931959
931976
931977
931979
932053
932290
932362
932392
932393
932395
932519
932526
932598
932745
932817
932830
932832
932857
932879
932897
932935
933016
933060
933183
933535
933554
933748
933823
933884
933900
933963
934084
934097
934191
934212
934217
934279
934324
934406
934449
934481
934576
934585
934630
934714
934730
934731
934835
934929
934964
935059
935157
935206
935266
935423
935537
935930
935997
936077
936082
936083
936223
936288
936388
936414
936630
936872
937174
937192
937207
937285
937331
937503
937611
937744
937993
938070
938307
938585
938674
938714
939178
939441
939546
939651
939722
939729
940013
940021
940063
940091
940190
940329
940552
940760
940794
940980
941002
941096
941231
941349
941592
941602
941971
942457
942605
942693
942947
942971
942973
943335
943375
943433
943694
943701
943735
943936
944263
944278
944405
944407
944538
944704
944973
945063
945113
945178
945461
945627
945995
946145
946153
946201
946673
946728
946805
946834
946862
946961
947052
947184
947204
947408
947470
947521
947619
947769
947803
947811
947819
947880
947962
948018
948300
948719
948883
949058
949067
949308
949411
949414
949474
949656
949809
949830
949834
949847
950061
950351
950361
950396
950568
950580
950711
950722
950937
951009
951119
951122
951331
951437
951521
951540
951661
951746
951811
952111
952208
952343
952585
952800
952890
953076
953264
953589
953760
953898
954014
954098
954323
954396
954424
954453
954568
954644
954651
954716
954833
954867
954877
954919
954947
955012
955255
955257
955296
955444
955599
955810
955892
955944
956205
956251
956275
956498
956612
956690
956905
957062
957246
957371
957481
957488
957506
957546
957675
957704
957884
957896
958039
958049
958072
958141
958215
958300
958397
958597
958636
958728
958753
958897
958915
959087
959303
959354
959471
959613
959619
959699
959728
959746
959987
960377
960398
960428
960493
960783
960959
961090
961100
961293
961372
961375
961411
961551
961586
961624
961637
961727
961752
961765
961892
961961
961986
962034
962070
962205
962447
962508
962597
962785
963030
963135
963206
963288
963321
963623
963710
963789
963878
963902
963962
963986
964258
964330
964659
964775
964921
965337
965518
965538
965564
965621
965820
965859
965923
965925
965941
966112
966250
966421
966457
966611
966702
966782
966898
966956
967008
967023
967144
967145
967147
967219
967251
967472
967613
967790
967836
967881
967897
967993
968083
968117
968135
968153
968161
968226
968334
968405
968474
968662
968792
968887
968924
969040
969243
969246
969362
969403
969540
969601
969607
969821
969904
969952
970031
970197
970386
970442
970521
970597
970673
970682
970702
970839
971069
971098
971273
971297
971346
971403
971453
971696
972024
972288
972371
972420
972477
972488
972576
972707
972952
972986
973047
973095
973182
973198
973200
973404
973405
973436
973445
973523
973597
973704
973710
973764
973883
973914
973919
973923
973926
973946
974070
974085
974118
974312
974374
974445
974461
974486
974644
974928
974954
975156
975219
975221
975255
975334
975403
975411
975417
975435
975452
975498
975519
975592
975614
975637
975659
975743
975939
976005
976093
976210
976350
976441
976455
976547
976602
976785
977143
977317
977489
977542
977669
977759
977850
977910
978132
978184
978293
978339
978370
978382
978441
978660
978711
978816
978843
978967
979034
979133
979164
979239
979322
979393
979443
979459
979620
979696
979838
979920
979992
980048
980085
980227
980302
980561
980623
980628
980657
980715
980718
981113
981210
981302
981504
981556
981578
981617
981645
981658
981711
981874
982109
982180
982194
982231
982328
982431
982504
982682
982695
982889
982900
983008
983119
983233
983249
983429
983541
983633
983638
983753
983948
984053
984262
984266
984537
984787
984792
984947
985315
985380
985400
985497
985542
985646
985716
985896
985939
986162
986235
986396
986487
986637
986641
986678
986757
986873
987057
987430
987627
987844
987859
988157
988216
988300
988468
988549
988655
988794
988830
988877
988994
989245
989249
989255
989351
989354
989376
989380
989394
989471
989766
989989
990017
990202
990298
990469
990547
990560
990663
990665
990775
990832
990856
991131
991139
991290
991372
991408
991475
991559
991619
991737
991942
992002
992106
992184
992210
992317
992352
992530
992606
992663
992682
993067
993221
993416
993420
993566
993742
993896
993955
994027
994242
994398
994800
994871
994903
994911
994918
995024
995244
995290
995453
995632
995638
995763
995841
995856
995889
995962
996050
996079
996094
996163
996315
996464
996633
996736
996782
996784
996803
996884
996902
997010
997306
997526
997570
997681
997720
997735
997757
997764
997827
997971
997983
998095
998263
998298
998342
998411
998467
998643
998898
998946
999063
999106
999167
999366
999545
999568
999582
999624
999716
999732
999750
999783
999835
999912
