391
489
732
1768
3401
4110
5083
5173
6791
11316
15163
19174
20201
21768
24018
24624
34622
37038
40453
43904
47954
48130
48774
52270
52819
56297
56736
59224
59814
61244
61791
63305
65361
66386
67744
70946
74137
74954
75107
75996
77646
77800
86864
87965
90056
90945
94857
95005
100305
103808
104964
106982
107224
108236
108636
113667
114206
115326
115651
120099
121631
121770
122522
126120
128552
128996
130867
131758
134157
136319
139191
139782
142180
142324
145360
147405
154266
154822
164722
168850
170567
172026
176261
178914
183559
184485
186701
186845
187093
189449
189884
190060
191607
192948
194684
196522
196879
199456
199932
204275
207431
210870
212460
213325
213343
215956
218639
219394
220929
221725
223593
229391
229404
229408
229589
233004
233409
235197
235400
237980
239563
241621
244823
248083
250540
250595
251022
252576
253357
258201
258698
259196
261492
264576
265423
267107
268284
269000
271765
273257
273571
274236
278634
279798
281119
281281
282231
283309
283729
285390
286095
286906
287586
287749
289197
289248
289937
290829
292348
294258
294544
297347
301374
302829
303833
305950
306504
306905
309053
310624
311827
312634
316944
318291
318835
320733
321039
321401
321903
322245
323159
323465
328336
330533
331284
333199
336603
338646
339763
340556
342567
342968
344487
344672
346234
346365
346479
347009
349052
351955
353056
360086
361189
362174
369360
369409
370897
371157
374662
375449
379214
380471
389648
390067
390713
395566
396514
399713
399894
401145
403365
404303
404321
409859
413213
415999
420321
423367
423894
426627
430555
431608
434888
441850
442475
444190
445704
447396
453158
457183
457579
457947
461680
463129
463355
464941
466270
467718
467769
468179
470429
470523
473945
475393
475794
484949
489550
491611
492180
494001
494002
498314
498604
500629
505407
509080
511081
520561
522532
525101
529465
532591
533598
536720
537764
538477
539027
542819
547291
547832
549659
552806
555150
556416
558009
564683
565679
567451
572193
575185
575670
577616
578611
580727
584126
587553
588649
589833
589880
589955
592710
593263
594314
596045
597450
599525
599874
599883
601433
602203
603484
603951
606016
607323
607708
608002
611399
611632
613116
614570
615625
619039
621817
622707
629658
631775
632908
632928
639999
640237
640961
641936
643944
643996
645609
646264
649847
650607
653001
655072
655992
657798
665645
667685
668020
671382
673529
676168
678898
680716
689081
689813
689819
690886
693103
693745
694712
696224
696477
699018
699295
700730
701860
705588
710228
713349
715413
718894
720557
723132
727602
727876
731131
739893
742533
745684
747094
749278
753332
753433
759020
760027
761318
761689
764045
765090
766278
770052
775687
776254
780854
782621
782924
791623
792765
795310
796178
800080
802965
803675
804304
804605
806583
806944
809974
811269
812465
817300
817957
820035
822747
824768
825076
828564
828969
829867
832199
834003
834886
835968
837363
839030
841136
841457
843580
845114
845989
848150
849387
849772
850948
851296
852930
853562
856357
857318
864025
865975
871507
875283
875407
875604
877423
878980
879269
882916
883412
884202
892933
893419
897766
899998
903103
904951
909485
915053
916200
918871
921880
927011
927353
928667
930397
931590
932497
934181
936137
938296
939043
940254
942720
943264
944970
948458
951205
952096
956899
957272
957451
959349
959654
959704
961362
963966
964606
966972
967713
968208
969681
970370
972824
973760
977601
994463
996234
997024
998363
998871
999104
999417
