788482
98306
847892
165908
342038
94237
34856
774185
253996
643118
858172
702529
766021
114758
264263
919624
444489
878666
987212
454738
215122
106579
344151
53338
186459
180323
102500
448611
487526
737380
450664
979056
63604
614517
587900
450684
737407
725122
36995
254088
428168
194700
131214
506001
77971
647317
299160
426137
174239
71844
690344
309416
661682
59571
657593
510138
196795
106684
815293
770237
65733
407756
737490
987348
563431
721134
895218
135418
219387
817404
119043
631049
205070
338194
512275
235794
981271
893213
971037
674083
622890
313645
676143
47411
581962
686412
549199
498005
747861
438623
864608
946529
375144
317801
659819
606571
239981
100718
223603
221555
682382
870799
919952
907665
301466
631196
504231
471469
231855
752047
252342
266679
846266
57788
833987
977348
866760
387532
960972
272846
563671
772569
455136
301546
33264
946688
850437
977414
76294
530952
817677
178703
80400
479760
123414
639510
418334
102946
43557
573993
932398
870958
989744
997937
698941
692797
729665
82500
809541
916038
291397
676425
957005
934480
715345
565849
881244
688734
813663
141919
805472
639593
565866
316012
838259
707189
303734
131717
324245
909977
223902
938654
807583
432801
600740
780973
146096
387767
727741
230080
422593
359110
455367
926409
541386
721610
103114
486093
129742
410321
592597
373463
891612
332515
920293
168678
596709
494318
729843
873204
428789
629494
559860
717564
90885
656134
412424
656138
56079
869135
133907
545557
148247
314135
344855
400156
224031
951072
656165
791342
869169
709425
95031
467769
205626
365373
875334
674631
774983
70477
764761
463713
107361
781168
400242
869234
953206
480129
267143
482185
215949
39824
555921
537505
891810
537516
66477
633774
848814
916401
48050
897973
902075
31678
254912
715716
472014
338896
410579
291796
965591
676824
275417
383961
285661
37855
379874
445424
975859
334848
201731
467976
205837
140308
705556
773143
326682
474138
949277
281630
191522
724012
324653
62512
631858
246835
85049
494650
904250
570448
109664
44144
164977
593009
760949
146553
136322
507011
707719
35976
629896
877716
316565
562324
642196
220312
967832
191642
95389
914591
617636
484518
851114
902323
375990
572601
613561
296123
21692
357566
791782
568551
414953
683242
558314
232682
957681
95476
374005
521462
31988
746748
607490
732419
890118
326920
648459
935186
482578
939287
931097
679194
498976
736561
486707
333117
943434
404812
453967
120146
116051
566624
865637
288101
93559
810360
202107
902526
415109
480657
474519
722328
425369
722330
779675
728476
220579
746915
988581
392619
785837
488880
480689
564663
87497
925137
781784
845282
38377
871914
466411
38382
660974
779761
445937
359935
724482
9731
108039
951824
212498
783897
370203
439857
85553
820787
491072
816706
228943
902755
802406
134770
773748
91765
978552
69241
444024
441979
378494
654975
206465
298629
241287
317071
521881
593565
632499
612027
245438
667333
745161
624334
220880
22226
687827
917204
923347
616150
894675
239320
257752
921308
669410
593640
227049
591594
59117
587510
777976
767745
628483
397065
911114
411403
603920
311061
487199
136996
515881
110379
560954
466750
327500
110413
542545
634716
661341
767841
251756
337774
87923
241524
94072
518010
206721
268162
393109
112536
325532
718753
694181
178088
167848
157611
778155
386990
587696
942003
227254
802744
77752
868293
223179
626637
942033
243666
985041
499677
974813
313313
395234
262116
706539
724975
497652
868342
413689
71675
575485
903166
