254
897
4468
5284
6398
9829
10983
15632
16189
19656
23851
24037
24607
25137
26206
28328
29964
30327
30383
31949
34603
36031
36064
36126
36388
38093
38341
39064
41334
48830
49819
49889
57495
59395
63058
67874
67882
70229
71127
71607
72508
73881
78526
86891
88996
91315
93496
99909
102121
105941
108489
111532
114614
117588
120185
121439
122447
122748
128732
129764
130495
131660
134230
138183
139195
139438
139510
143524
144750
148809
150552
150970
152528
154126
157041
161206
162077
166167
171190
173756
174894
176525
178832
179871
181470
182781
184169
185343
185445
185975
187160
187678
189309
190920
191495
192097
192380
192508
192639
197060
198968
199774
204537
204644
205002
205483
211660
217105
221650
222497
224677
228300
232070
235077
235144
238038
239402
245799
246368
248154
250402
251464
257250
258800
259410
261654
267540
267775
268850
268856
273484
276689
276901
277372
280153
286999
287394
287871
290335
290698
293623
293684
293890
295478
295819
296108
299106
299298
299362
300646
303516
305947
307123
307710
310680
314083
314826
315761
317631
318649
320068
326251
326666
328521
328972
329417
333142
336100
341502
341919
344225
350845
351164
353992
355559
362224
366080
372603
374454
375987
376755
378282
383246
384290
384683
386091
386374
392319
392392
394757
397001
397702
400184
401739
410677
411888
413518
416830
419454
419608
419646
419891
420464
420812
421305
424116
425842
425873
426256
427663
428348
429530
430784
431242
434564
435085
435606
438271
443149
443399
445446
448162
449251
450810
453263
453746
454079
455039
456064
457944
458439
460226
466366
473565
478807
481100
482698
482836
484507
484848
485351
486121
488306
491876
493409
494009
499260
499431
499740
500645
501763
506877
508026
510275
511231
512917
516821
518986
519075
519175
526105
528727
529808
531605
540833
542282
544348
544922
547474
549010
549146
549312
550832
552252
553830
554773
555881
557081
558835
558962
559738
570193
580464
583189
583710
587456
588143
593815
599095
607108
607606
609818
609921
612686
613273
613743
616395
616623
620085
620958
623821
624028
625482
636286
636631
637226
640597
640856
641545
642892
643237
643403
647665
649508
654382
654533
654601
654813
658378
666282
666552
671334
672757
673809
673927
675171
680177
681444
682035
682119
683564
683741
684349
688203
693736
699242
701977
703059
703630
704331
708970
711868
713053
716190
716513
719839
722630
723832
724474
724597
725154
725908
729857
732213
737797
738372
746341
747117
752796
753553
754459
755535
756202
756753
758391
758727
762736
762773
764610
771250
771839
773929
775203
776737
777656
780354
781309
784507
787027
790281
792481
795246
796133
796262
797707
797919
799448
799809
800480
801859
804164
804967
805289
806938
810325
816009
817687
819184
819466
821435
822199
822518
823417
823751
829891
830042
830425
831036
833448
833537
835604
836425
839499
841468
841522
848645
852333
852520
853010
853194
855116
855512
858164
859865
863042
863695
866667
869444
874277
874576
874801
876919
879395
880686
881587
882326
882697
887808
888307
889076
890497
892926
893250
893843
896321
897044
901421
906229
907524
907929
908170
917247
920408
922473
924208
926603
926908
926964
926985
932778
937885
940009
943960
944208
944912
944932
946239
946724
948645
949708
952522
953056
954077
954495
955729
956570
956766
956838
958045
958290
962929
964684
964739
969079
972949
974988
975558
980150
980831
984067
986715
986942
989769
991850
992841
994327
995103
995841
999647
999692
