12920
56333
66800
98411
117809
143930
150828
168526
171263
173661
177875
191749
197355
217195
237693
269322
270892
292931
296679
308484
312363
317506
352983
356581
362168
379175
379928
406620
431288
464101
476247
487611
502950
508655
524547
536361
559181
572674
587540
590910
603814
664322
710859
725192
767612
774436
788157
792874
827532
841889
854030
875709
898200
902705
915628
925712
958097
972424
984826
984833


876850
421176
263999
888643
520016
564057
585570
241513
495468
7024
901490
252275
270707
524150
81782
646010
457085
142717
353150
257426
880534
858011
132514
824232
350127
743349
89532
876992
694730
469454
18384
18390
439258
976860
625638
76775
987628
682482
962552
466942
