450973
552880
301214
953167
301214
896674
447404
560418
852162
301214
293543
278685
862105
293499
288084
203193
897773
955791
372499
342332
627189
808976
947299
815243
301214
293346
375351
301214
304170
21873
161870
329057
301214
345894
274687
185042
394340
301214
174197
386858
140643
612834
845389
688598
844706
569654
512806
590279
641187
301214
64713
301214
59158
303475
412397
380954
96622
153655
25787
714725
485509
301214
126600
808830
655286
301214
798293
341549
620803
458725
402370
129895
479674
301214
301214
301214
98273
257842
615336
458204
886812
323081
301214
501411
377562
322159
301214
301214
301214
301214
840277
106459
796698
505158
103955
837211
61443
59421
301214
206547
